0.034
0.073333
0.10483
0.18323
0.38943
0.42447
0.45293
0.48583
0.59737
0.62273
0.6589
0.69107
0.72213
0.7441
0.77317
0.79523
0.8334
0.9061
0.94613
0.99173
1.0368
1.0789
1.1156
1.1611
1.1988
1.319
1.3683
1.4308
1.4715
1.4975
1.5462
1.603
1.6504
1.6764
1.7165
1.7635
1.894
1.9319
1.962
2.1932
2.3129
2.3622
2.3764
2.3936
2.406
2.4315
2.4474
2.4662
2.4811
2.4965
2.5143
2.5333
2.5577
2.5818
2.6017
2.6348
2.6759
2.6976
2.7254
2.7532
2.7731
2.7977
2.8287
2.8522
2.8981
2.9289
2.9605
2.9822
3.0058
3.0354
3.0687
3.0997
3.1161
3.1405
3.163
3.1821
3.214
3.2334
3.2743
3.3209
3.3483
3.3732
3.4352
3.465
3.4914
3.516
3.5411
3.5707
3.5999
3.617
3.6684
3.6906
3.7115
3.754
3.7785
3.8008
3.8269
3.8505
3.8748
3.8936
3.9299
3.9437
4.0132
4.0328
4.0697
4.1176
5.514
5.751
5.7638
5.7848
5.8016
5.8258
5.8453
5.8724
5.8999
5.9191
5.9437
5.9673
5.9987
6.0409
6.0701
6.1009
6.1425
6.1742
6.2021
6.2245
6.2554
6.322
6.3527
6.3721
6.3978
6.4227
6.4448
6.4969
6.5189
6.5674
6.6026
6.6294
6.6545
6.6802
6.7087
6.7223
6.7504
6.7739
6.85
7.2502
7.3596
8.0266
8.1088
8.2468
8.4064
8.5095
9.108
9.324
9.365
9.5987
9.6713
9.7063
9.7502
9.7869
9.8531
9.8991
10.013
10.042
10.067
10.093
10.122
10.151
10.179
10.3
10.334
10.383
10.429
10.523
10.567
10.663
10.739
10.779
10.844
10.908
10.996
11.204
12.187
12.282
12.415
12.443
12.469
12.5
12.539
12.603
12.675
12.73
12.752
12.776
12.896
12.934
13.051
13.081
13.113
13.226
13.288
13.373
13.404
13.448
13.662
13.86
13.904
13.968
14.023
14.092
14.135
15.076
15.176
15.246
15.291
15.409
15.651
15.709
15.845
15.914
15.956
15.993
16.042
16.067
16.105
16.137
16.169
16.193
16.245
16.298
16.332
16.36
16.399
16.435
16.531
16.715
16.755
16.796
16.815
16.839
16.948
17.019
17.074
17.248
17.412
17.451
17.5
17.546
17.59
17.638
17.676
17.729
17.784
17.813
17.847
17.934
18.281
18.308
18.346
18.376
18.398
18.419
18.445
18.496
18.514
18.534
18.559
18.577
18.598
18.612
18.632
18.648
18.729
18.756
18.772
18.794
18.849
18.867
18.896
18.918
18.936
18.953
18.97
18.995
19.014
19.032
19.056
19.119
19.142
19.166
19.187
19.209
19.227
19.248
19.275
19.3
19.353
19.381
19.43
19.516
19.562
19.591
19.719
19.83
20.066
20.531
20.563
21.504
21.556
21.603
21.641
21.703
21.759
21.79
21.878
21.913
21.943
21.984
22.12
22.18
22.2
22.223
22.26
22.325
22.383
22.527
22.562
22.594
22.683
22.731
22.774
22.816
22.849
22.886
22.939
22.993
23.028
23.066
23.12
23.247
23.322
23.364
23.411
23.45
23.495
23.53
23.564
23.646
23.679
23.708
23.743
23.822
24.598
24.625
24.699
24.852
24.9
24.994
25.021
25.047
25.078
25.098
25.147
25.212
25.25
25.277
25.309
25.361
25.38
25.427
25.463
25.494
25.614
25.661
25.717
25.838
25.904
25.948
25.97
26.06
26.102
26.127
26.159
26.223
26.395
26.438
26.513
26.549
26.69
26.72
26.838
26.85
26.865
26.898
26.935
26.954
26.973
27
27.017
27.036
27.085
27.103
27.134
27.163
27.203
27.228
27.26
27.292
27.318
27.341
27.363
27.386
27.407
27.438
27.461
27.511
27.549
27.576
27.606
27.63
27.659
27.689
27.719
27.762
27.803
27.833
27.859
27.884
27.922
27.999
28.027
28.049
28.082
28.17
28.577
29.572
29.597
29.618
29.646
29.672
29.704
29.724
29.737
29.752
29.773
29.813
29.839
29.857
29.892
29.912
29.939
29.963
29.986
30.082
30.129
30.176
30.205
30.245
30.281
30.309
30.332
30.348
30.392
30.41
30.436
30.461
30.488
30.511
30.533
30.554
30.606
30.636
30.701
30.731
30.756
30.78
30.806
30.835
30.861
30.925
30.956
30.98
31.006
31.023
31.04
31.056
31.111
31.129
31.151
31.175
31.196
31.223
31.247
31.273
31.299
31.346
31.381
31.412
31.436
31.471
31.553
31.643
31.669
31.738
31.777
31.833
31.928
32.03
32.087
32.176
32.607
32.644
32.685
32.747
32.845
32.962
33.06
33.085
33.101
33.122
33.135
33.151
33.168
33.209
33.244
33.266
33.285
33.322
33.347
33.458
33.515
33.578
33.602
33.635
33.655
33.677
33.699
33.718
33.744
33.788
33.815
33.839
33.861
33.876
33.896
33.93
33.952
33.973
34.007
34.044
34.106
34.481
34.509
34.608
35.206
35.295
35.624
35.679
35.716
35.735
35.803
35.824
35.845
35.855
35.88
35.912
35.947
35.984
36.005
36.019
36.047
36.084
36.118
36.145
36.162
36.185
36.215
36.242
36.299
36.32
36.349
36.37
36.452
36.476
36.497
36.523
36.548
36.569
36.597
36.631
36.669
36.762
36.805
37.004
37.052
37.1
37.146
37.212
37.249
37.322
37.358
37.394
37.442
37.642
37.952
38.298
38.342
39.323
39.399
39.44
39.887
39.926
39.993
40.035
40.071
40.121
40.163
40.205
40.24
40.275
40.304
40.385
40.417
40.485
40.561
40.592
40.652
40.682
40.802
41.227
41.275
41.332
41.363
41.452
41.551
41.615
41.719
41.773
41.798
41.84
41.93
41.968
42.021
42.049
42.589
42.66
42.793
42.833
42.878
42.933
42.974
43.004
43.03
43.072
43.107
43.148
43.186
43.222
43.281
43.329
43.386
43.423
43.45
43.481
43.516
43.548
43.574
43.618
43.648
43.696
43.743
43.814
43.84
43.927
43.987
44.066
44.133
44.187
44.544
44.579
44.646
44.75
44.827
44.881
44.942
44.986
45.018
45.051
45.11
45.146
45.316
45.437
45.537
46.098
46.18
46.242
46.825
46.922
46.962
47.124
47.181
47.211
47.242
47.299
47.397
47.448
47.49
47.554
47.661
47.777
47.81
47.846
47.905
47.97
48.111
48.157
48.187
48.276
48.322
48.371
48.409
48.492
48.658
48.692
48.769
48.795
48.899
48.914
48.945
48.96
48.976
49.028
49.045
49.069
49.088
49.102
49.124
49.146
49.193
49.213
49.245
49.268
49.298
49.322
49.342
49.366
49.396
49.42
49.44
49.512
49.542
49.573
49.611
49.688
49.711
49.747
49.77
49.791
49.818
49.839
49.867
49.894
49.93
49.951
49.982
50.023
50.056
50.092
50.114
50.202
50.229
50.261
50.301
51.261
51.313
51.685
51.699
51.72
51.754
51.782
51.803
51.821
51.844
51.87
51.884
51.912
51.934
51.956
51.98
51.995
52.033
52.056
52.08
52.107
52.129
52.15
52.177
52.196
52.222
52.24
52.264
52.286
52.311
52.34
52.362
52.386
52.407
52.428
52.455
52.497
52.515
52.533
52.548
52.567
52.608
52.626
52.649
52.664
52.692
52.721
52.746
52.772
52.789
52.844
52.925
52.964
52.999
53.04
53.095
53.17
53.275
53.323
53.752
54.223
54.99
55.151
55.334
55.386
55.478
55.512
55.624
55.669
55.712
55.714
55.757
55.799
55.912
55.962
56.001
56.037
56.198
56.283
56.315
56.364
56.424
56.467
56.536
56.628
56.678
56.733
57.045
57.188
57.226
57.347
57.469
57.515
57.57
57.632
57.792
58.377
58.634
58.953
58.986
59.02
59.044
59.176
59.221
59.254
59.303
59.508
59.53
59.715
59.717
59.752
59.79
59.814
59.857
59.91
59.997
60.048
60.286
60.347
60.379
60.412
60.438
60.477
60.557
60.602
60.641
60.672
60.757
60.786
60.827
60.849
60.92
61.088
61.118
61.183
61.195
61.212
61.252
61.268
61.276
61.296
61.315
61.331
61.349
61.371
61.392
61.429
61.451
61.487
61.523
61.56
61.582
61.603
61.63
61.655
61.676
61.693
61.714
61.76
61.793
61.837
61.869
61.917
61.949
61.972
61.994
62.017
62.049
62.07
62.088
62.111
62.137
62.157
62.179
62.238
62.307
62.329
62.357
62.378
62.4
62.553
62.577
62.603
62.638
62.698
62.748
62.766
62.791
62.817
62.844
62.878
62.922
63.135
63.406
63.443
63.542
63.747
63.892
64.182
64.362
64.388
64.424
64.444
64.463
64.517
64.568
64.607
64.634
64.682
64.711
64.773
64.805
64.834
64.889
64.916
64.944
64.963
64.984
65.054
65.103
65.122
65.148
65.185
65.226
65.247
65.274
65.305
65.329
65.347
65.377
65.401
65.451
65.472
65.521
65.547
65.564
65.605
65.624
65.677
65.695
65.743
65.767
65.795
65.842
65.875
65.93
65.956
66.025
66.053
66.298
66.326
66.38
67.977
68.018
68.062
68.097
68.224
68.276
68.316
68.519
68.563
68.597
68.762
68.805
68.84
68.959
69.003
69.046
69.157
69.196
69.261
69.319
69.354
69.403
69.529
69.568
69.605
69.651
69.713
69.767
70.013
70.252
70.277
70.484
70.533
70.589
70.633
70.76
70.806
70.902
70.939
70.973
71.08
71.172
71.21
71.633
71.789
71.836
72.042
72.074
72.102
72.148
72.176
72.207
72.237
72.292
72.403
72.405
72.443
72.476
72.514
72.535
72.567
72.599
72.688
72.718
72.892
72.936
72.96
72.995
73.024
73.295
73.34
73.369
73.418
73.445
73.478
73.521
73.579
73.648
73.705
73.742
73.791
73.838
73.914
74.045
74.772
74.972
75.443
75.48
75.533
75.596
75.629
75.664
75.696
75.745
75.798
75.835
75.867
75.926
75.986
76.039
76.063
76.095
76.236
76.639
76.673
76.689
76.736
76.784
76.827
76.876
76.928
77.012
77.079
77.145
77.202
77.275
77.406
77.48
77.622
77.634
77.656
77.677
77.7
77.72
77.743
77.765
77.79
77.82
77.839
77.86
77.928
77.955
77.983
78.004
78.029
78.078
78.097
78.119
78.132
78.152
78.171
78.191
78.228
78.25
78.273
78.296
78.326
78.346
78.369
78.393
78.425
78.444
78.464
78.536
78.555
78.573
78.61
78.632
78.654
78.7
78.711
78.734
78.755
78.774
78.81
78.848
78.872
78.896
78.915
78.937
78.969
78.987
79.079
79.375
79.44
79.578
80.534
80.569
80.6
80.624
80.647
80.673
80.686
80.708
80.738
80.778
80.806
80.843
80.872
80.897
80.923
80.956
80.98
81.008
81.036
81.072
81.11
81.145
81.172
81.197
81.216
81.245
81.262
81.282
81.306
81.329
81.37
81.405
81.426
81.443
81.465
81.49
81.54
81.567
81.591
81.61
81.63
81.656
81.688
81.714
81.739
81.762
81.786
81.824
81.844
81.859
81.875
81.895
81.94
81.966
81.991
82.03
82.077
82.105
82.147
82.21
82.265
82.661
82.734
82.956
83.074
83.286
83.876
84.199
84.264
84.303
84.34
84.44
84.493
84.597
84.769
84.8
84.841
84.873
84.897
84.931
85.009
85.087
85.139
85.171
85.317
85.348
85.376
85.413
85.445
85.477
85.505
85.54
85.58
85.618
85.666
85.765
85.811
85.85
85.889
85.961
85.997
86.081
86.238
86.296
86.353
86.375
86.415
86.528
86.663
86.714
86.783
86.841
86.903
86.948
86.99
87.02
87.09
87.124
87.172
87.209
87.24
87.318
87.377
87.453
87.575
87.589
87.612
87.669
87.695
87.734
87.754
87.798
87.822
87.843
87.857
87.894
87.917
87.96
87.983
87.998
88.043
88.062
88.085
88.115
88.156
88.19
88.217
88.238
88.277
88.314
88.367
88.408
88.437
88.469
88.508
88.543
88.592
88.632
88.659
88.677
88.709
88.734
88.756
88.786
88.81
88.835
88.865
88.893
88.93
88.966
88.995
89.021
89.056
89.084
89.123
89.15
89.243
89.382
89.422
89.458
89.492
89.585
89.622
89.658
89.714
89.842
89.892
89.918
90.269
90.548
90.81
91.027
91.106
91.193
91.343
91.436
91.46
92.205
92.411
92.427
92.466
92.507
92.658
92.714
92.744
92.784
92.822
92.846
92.887
92.917
93.112
93.173
93.216
93.292
93.324
93.43
93.474
93.547
93.585
93.628
93.669
93.718
93.825
93.865
94.003
94.221
94.247
94.346
94.406
94.443
94.48
94.54
94.658
94.81
94.835
94.87
94.889
94.905
94.927
94.948
94.988
95.013
95.032
95.053
95.078
95.093
95.116
95.144
95.174
95.206
95.236
95.256
95.284
95.311
95.351
95.367
95.41
95.444
95.468
95.489
95.514
95.533
95.558
95.575
95.614
95.661
95.69
95.712
95.76
95.789
95.807
95.848
95.876
95.908
95.982
97.361
97.399
97.412
97.43
97.455
97.475
97.499
97.517
97.548
97.571
97.596
97.613
97.638
97.658
97.702
97.83
97.863
97.892
97.921
97.952
97.977
98.009
98.03
98.056
98.081
98.129
98.157
98.179
98.206
98.232
98.257
98.29
98.314
98.345
98.4
98.422
98.453
98.476
98.5
98.552
98.605
98.631
98.666
98.708
98.73
98.75
98.782
98.805
98.831
98.856
98.882
98.978
99.049
99.069
99.102
99.158
99.204
99.252
99.281
99.301
99.346
99.37
99.414
99.593
99.646
99.678
99.932
100.19
100.3
100.34
100.48
100.49
100.49
100.52
100.54
100.57
100.63
100.65
100.67
100.69
100.72
100.75
100.77
100.79
100.83
100.86
100.89
101
101.03
101.05
101.07
101.09
101.13
101.16
101.19
101.22
101.25
101.28
101.3
101.34
101.38
101.44
101.47
101.51
101.55
101.6
101.63
101.65
101.68
101.71
101.74
101.78
101.8
101.83
101.86
101.88
101.91
101.93
101.99
102.01
102.06
102.1
102.12
102.18
102.24
102.27
102.31
102.38
102.41
102.44
102.47
102.5
102.53
102.55
102.65
102.9
103.04
103.08
103.12
103.16
103.86
104.74
104.85
105.06
105.09
105.36
105.41
105.46
105.49
105.58
105.64
105.69
105.78
105.81
105.85
105.9
105.99
106.03
106.11
106.2
106.27
106.35
106.39
106.45
106.61
106.7
106.79
106.87
106.91
107.87
108.01
108.05
108.13
108.29
108.32
108.48
108.72
108.76
108.8
108.87
108.91
108.95
109.02
109.14
109.22
109.24
109.27
109.3
109.34
109.43
109.53
109.57
109.61
109.64
109.67
109.79
109.89
109.97
110.01
110.1
110.16
110.19
110.28
110.3
110.45
110.76
111.02
111.04
111.05
111.06
111.07
111.09
111.13
111.16
111.18
111.19
111.21
111.25
111.27
111.33
111.38
111.42
111.44
111.46
111.48
111.59
111.61
111.63
111.66
111.69
111.72
111.74
111.78
111.81
111.83
111.88
111.9
111.92
111.93
111.96
111.98
111.99
112.02
112.03
112.05
112.07
112.1
112.17
112.21
112.22
112.26
112.28
112.32
112.34
112.35
112.38
112.4
112.42
112.46
112.52
112.53
112.56
112.58
112.62
112.64
112.68
112.72
112.74
112.78
112.82
113
113.03
113.24
113.88
113.94
114.12
114.31
114.34
114.45
115.28
115.39
115.46
115.52
115.71
115.74
115.79
115.84
115.87
115.9
116.02
116.05
116.08
116.12
116.15
116.23
116.47
116.83
116.86
116.93
116.96
116.98
117
117.04
117.06
117.1
117.14
117.24
117.33
117.38
117.43
117.47
117.51
117.57
117.67
117.7
117.8
117.81
117.83
117.87
117.89
117.97
117.99
118.01
118.03
118.06
118.08
118.11
118.13
118.15
118.18
118.2
118.23
118.26
118.29
118.32
118.42
118.44
118.47
118.49
118.52
118.55
118.57
118.6
118.63
118.65
118.68
118.71
118.73
118.75
118.77
118.8
118.83
118.85
118.87
118.96
118.99
119.01
119.03
119.06
119.09
119.12
119.14
119.18
119.23
119.29
120.3
121.22
121.42
121.47
121.72
121.76
121.8
121.91
121.93
121.96
122.2
122.4
122.44
122.48
122.52
122.54
122.63
122.69
122.75
122.79
122.91
122.95
122.98
123.01
123.08
123.12
123.17
123.37
123.49
123.52
123.56
123.59
123.7
123.73
123.77
123.81
124.09
124.22
124.24
124.26
124.29
124.35
124.43
124.49
124.53
124.56
124.58
124.7
124.78
125.03
125.1
125.21
125.3
125.35
125.38
125.41
125.83
126.1
126.16
126.39
126.43
126.48
126.71
126.75
126.76
126.8
126.92
127
127.05
127.13
127.18
127.31
127.34
127.4
127.44
127.57
127.62
127.65
127.68
127.73
127.76
127.85
127.89
127.93
128.02
128.15
128.18
128.2
128.23
128.26
128.36
128.39
128.43
128.51
128.53
128.58
128.6
128.61
128.63
128.64
128.65
128.73
128.74
128.75
128.77
128.79
128.82
128.84
128.85
128.89
128.91
128.94
128.97
129.01
129.06
129.08
129.1
129.12
129.14
129.17
129.18
129.21
129.28
129.3
129.33
129.35
129.37
129.39
129.41
129.43
129.45
129.47
129.49
129.56
129.58
129.6
129.63
129.65
129.68
129.71
129.74
129.78
129.8
129.81
129.84
129.87
129.9
129.94
130.01
130.05
130.09
130.13
130.21
130.26
130.41
130.61
132.35
132.39
132.43
132.47
132.6
132.65
132.75
132.79
132.86
132.89
132.92
132.96
133
133.04
133.1
133.16
133.3
133.4
133.64
133.67
133.72
133.75
133.79
133.83
133.86
133.9
133.93
133.99
134.03
134.12
134.33
134.36
134.4
134.66
134.8
134.83
134.87
134.88
134.89
134.91
134.92
134.94
134.98
135.01
135.03
135.11
135.15
135.18
135.21
135.23
135.27
135.31
135.35
135.37
135.4
135.42
135.47
135.49
135.5
135.56
135.58
135.6
135.61
135.64
135.68
135.7
135.72
135.75
135.77
135.79
135.82
135.84
135.86
135.89
135.92
135.95
135.98
136.04
136.07
136.09
136.11
136.14
136.18
136.2
136.26
136.31
136.55
137.65
138.51
138.63
138.71
138.78
138.86
138.89
139.11
139.21
139.36
139.52
139.56
139.58
139.62
139.68
139.74
139.78
139.85
140.19
140.22
140.24
140.26
140.33
140.65
140.72
140.76
140.78
140.83
140.87
140.92
140.95
140.98
141.03
141.06
141.08
141.14
141.19
141.22
141.26
141.28
141.3
141.31
141.32
141.34
141.36
141.39
141.41
141.46
141.48
141.5
141.52
141.54
141.55
141.56
141.58
141.62
141.64
141.66
141.68
141.7
141.73
141.76
141.78
141.82
141.84
141.86
141.87
141.89
141.91
141.93
141.95
141.96
141.98
142.01
142.02
142.04
142.05
142.06
142.08
142.11
142.13
142.14
142.16
142.18
142.19
142.23
142.28
142.3
142.32
142.36
142.39
142.41
142.43
142.45
142.48
142.54
142.61
142.96
143.75
144.05
144.08
144.15
144.17
144.18
144.2
144.22
144.24
144.28
144.31
144.35
144.43
144.5
144.53
144.58
144.63
144.7
144.73
144.75
144.78
144.8
144.83
144.85
144.88
144.9
144.93
144.94
144.96
144.99
145.01
145.04
145.06
145.08
145.11
145.13
145.16
145.18
145.2
145.22
145.24
145.27
145.31
145.33
145.35
145.39
145.42
145.43
145.45
145.47
145.49
145.52
145.55
145.59
145.61
145.63
145.65
145.68
146.09
146.15
146.85
147.11
147.13
147.14
147.15
147.17
147.2
147.22
147.69
147.79
148.14
148.2
148.29
148.39
148.42
148.52
148.55
148.6
148.64
148.67
148.77
148.8
148.83
148.86
148.91
148.96
148.99
149.02
149.18
149.36
149.68
149.7
149.74
149.76
150.09
150.15
150.18
150.23
150.29
150.33
150.46
151.31
151.46
151.66
151.74
151.79
151.92
151.95
151.98
152.07
152.15
152.22
152.25
152.28
152.33
152.41
152.62
152.71
152.75
153.05
153.5
153.54
153.56
153.78
153.83
153.9
153.97
154.05
154.07
154.09
154.68
154.76
154.88
155.01
155.06
155.3
155.36
155.4
155.63
155.69
155.82
155.88
155.93
156.16
156.21
156.32
156.39
156.5
156.55
156.57
156.6
156.63
156.81
156.87
157.04
157.08
157.41
157.47
157.58
157.6
158.11
158.37
158.42
158.55
158.6
158.66
158.73
158.78
158.81
158.84
158.87
158.92
159.03
159.29
159.31
159.35
159.62
159.65
159.69
159.74
159.83
159.92
160.2
160.24
160.26
160.29
160.54
160.6
160.64
160.75
160.79
160.88
160.91
160.96
161.02
161.05
161.14
161.21
161.26
161.31
161.45
161.46
161.48
161.49
161.54
161.55
161.57
161.58
161.61
161.63
161.65
161.67
161.68
161.71
161.75
161.77
161.8
161.83
161.85
161.87
161.92
161.94
161.97
161.99
162.02
162.04
162.09
162.11
162.12
162.14
162.16
162.18
162.2
162.22
162.24
162.25
162.27
162.3
162.32
162.34
162.38
162.4
162.43
162.46
162.49
162.51
162.61
162.8
164.44
164.54
164.55
164.57
164.57
164.59
164.61
164.65
164.67
164.7
164.72
164.74
164.77
164.8
164.83
164.87
164.9
164.92
164.95
164.97
165
165.03
165.05
165.08
165.11
165.14
165.17
165.23
165.27
165.28
165.31
165.33
165.36
165.39
165.41
165.45
165.47
165.49
165.51
165.54
165.56
165.6
165.62
165.92
165.98
166.33
167.03
167.07
167.14
167.15
167.16
167.17
167.18
167.19
167.2
167.21
167.22
167.23
167.26
167.28
167.31
167.33
167.35
167.4
167.46
167.48
167.51
167.53
167.58
167.61
167.63
167.65
167.67
167.7
167.72
167.75
167.77
167.78
167.79
167.81
167.83
167.85
167.87
167.89
167.91
167.94
167.97
167.99
168.01
168.03
168.05
168.08
168.13
168.21
168.26
168.7
168.75
168.88
169.53
169.79
170.35
170.54
170.82
170.9
170.95
171.23
171.29
171.37
171.51
171.63
171.66
171.74
171.78
171.87
172
172.1
172.27
172.32
172.38
172.54
173.14
173.35
173.5
173.57
173.65
173.68
173.71
173.73
173.82
173.85
173.89
173.95
174.06
174.11
174.14
174.17
174.2
174.24
174.42
174.45
174.55
174.84
175.06
175.21
175.33
175.39
175.44
175.51
175.59
175.61
175.62
175.63
175.64
175.66
175.68
175.7
175.72
175.74
175.76
175.78
175.8
175.83
175.86
175.87
175.89
175.94
176.03
176.05
176.07
176.13
176.14
176.18
176.2
176.23
176.24
176.26
176.28
176.29
176.32
176.36
176.38
176.41
176.42
176.46
176.49
176.51
176.53
176.56
176.58
176.61
176.64
176.66
176.68
176.71
176.75
176.77
176.8
176.84
176.89
176.91
176.93
176.95
176.98
177.04
177.06
177.18
177.26
177.32
177.45
177.59
177.84
177.89
178.02
178.45
178.51
179.34
179.37
179.6
179.7
179.8
179.84
179.9
179.94
180.19
180.24
180.28
180.3
180.38
180.43
180.55
180.6
180.63
180.65
180.83
180.88
180.92
180.96
181.15
181.19
181.25
181.52
181.57
181.61
181.64
181.68
181.75
181.8
181.82
181.86
181.89
181.95
181.96
181.97
181.98
182.01
182.02
182.03
182.05
182.07
182.09
182.11
182.13
182.16
182.21
182.24
182.26
182.31
182.33
182.38
182.41
182.45
182.47
182.49
182.51
182.53
182.57
182.61
182.63
182.65
182.66
182.69
182.71
182.72
182.74
182.76
182.81
182.83
182.85
182.89
182.91
182.93
182.95
183
183.03
183.08
183.1
183.12
183.17
183.19
183.22
183.24
183.27
183.31
183.32
183.35
183.37
183.4
183.42
183.46
183.49
183.51
183.53
183.55
183.58
183.62
183.66
183.69
184.01
184.13
184.57
184.83
184.94
185.2
185.38
185.62
185.64
185.65
185.66
185.71
185.73
185.8
185.82
185.86
185.93
185.99
186.02
186.06
186.08
186.11
186.13
186.15
186.18
186.2
186.21
186.23
186.25
186.26
186.28
186.29
186.31
186.34
186.36
186.38
186.42
186.44
186.47
186.52
186.56
186.58
186.6
186.67
186.69
186.71
186.73
186.76
186.79
186.81
186.84
186.86
186.9
186.92
186.94
186.97
187.02
187.05
187.17
187.5
188.11
188.16
188.25
188.39
188.47
188.49
188.62
188.64
188.65
188.67
188.69
188.71
188.72
188.74
188.75
188.77
188.82
188.86
188.91
188.94
188.96
188.98
189.03
189.06
189.08
189.1
189.12
189.14
189.18
189.21
189.24
189.26
189.28
189.31
189.33
189.37
189.39
189.41
189.47
189.5
189.57
189.6
189.63
189.65
189.67
189.69
189.71
189.77
189.8
189.82
189.84
189.87
189.89
189.91
189.96
190
190.02
190.04
190.06
190.07
190.1
190.12
190.14
190.2
190.24
190.28
190.34
190.57
191.64
191.66
192.03
192.16
192.41
192.45
192.51
192.56
192.61
192.75
192.98
193.04
193.08
193.11
193.14
193.16
193.29
193.32
193.36
193.38
193.41
193.45
193.51
193.68
193.8
193.94
194.02
194.06
194.11
194.2
194.23
194.29
194.32
194.36
194.4
194.53
194.57
194.62
194.66
194.71
194.76
194.84
194.94
194.97
195.04
195.06
195.06
195.09
195.1
195.16
195.18
195.2
195.23
195.26
195.28
195.3
195.33
195.36
195.39
195.42
195.44
195.46
195.48
195.52
195.53
195.56
195.58
195.61
195.63
195.68
195.7
195.73
195.75
195.78
195.8
195.82
195.83
195.85
195.87
195.89
195.9
195.93
195.94
195.97
195.99
196.01
196.08
196.1
196.12
196.14
196.17
196.2
196.25
196.27
196.3
196.32
196.34
196.38
196.41
196.45
196.48
196.52
196.63
196.69
196.84
197.78
197.85
197.92
197.94
197.95
197.97
197.98
197.99
198.01
198.02
198.04
198.06
198.08
198.1
198.12
198.15
198.17
198.19
198.26
198.31
198.35
198.39
198.42
198.44
198.46
198.48
198.51
198.53
198.56
198.57
198.59
198.61
198.63
198.65
198.69
198.71
198.72
198.75
198.77
198.81
198.89
198.93
198.98
198.99
199.01
199.03
199.07
199.09
199.11
199.13
199.15
199.17
199.19
199.22
199.29
199.31
199.34
199.36
199.39
199.42
199.46
199.5
199.67
199.87
199.91
200.12
200.33
200.37
200.46
200.55
200.8
200.87
201.39
201.42
201.5
201.53
201.62
201.69
201.83
201.9
201.93
201.98
202.06
202.21
202.24
202.29
202.37
202.4
202.49
202.53
202.56
202.59
202.76
202.78
202.8
202.86
202.9
203.19
203.24
203.27
203.3
203.33
203.42
203.45
203.49
203.55
203.72
203.78
203.81
203.84
203.88
203.91
203.96
204
204.03
204.09
204.13
204.17
204.23
204.26
204.3
204.34
204.4
204.48
204.51
204.57
204.68
204.72
204.74
205.34
205.51
205.69
205.81
205.87
205.97
206.01
206.07
206.12
206.15
206.19
206.25
206.3
206.34
206.37
206.46
206.51
206.63
206.66
206.69
206.74
206.8
206.83
206.92
207.02
207.06
207.12
207.17
207.22
207.33
207.35
207.38
207.42
207.45
207.51
208.03
208.05
208.17
208.19
208.22
208.23
208.25
208.27
208.32
208.35
208.38
208.43
208.46
208.49
208.54
208.56
208.58
208.61
208.63
208.68
208.71
208.73
208.76
208.77
208.82
208.84
208.86
208.88
208.91
208.95
208.97
208.99
209.04
209.07
209.11
209.13
209.17
209.19
209.21
209.23
209.24
209.27
209.29
209.33
209.35
209.37
209.39
209.43
209.49
209.51
209.54
209.59
209.61
209.79
210.14
210.23
210.29
210.73
211.03
211.16
211.9
211.95
212.12
212.17
212.51
212.57
212.6
212.64
212.68
212.72
212.84
212.92
212.97
213.06
213.18
213.25
213.31
213.38
213.49
213.52
213.55
213.56
213.59
213.61
213.65
213.69
213.82
213.86
213.92
213.95
214
214.1
214.14
214.2
214.45
214.49
214.54
214.79
215.23
215.36
215.37
215.38
215.4
215.41
215.42
215.44
215.45
215.47
215.49
215.51
215.57
215.6
215.62
215.65
215.66
215.69
215.72
215.75
215.79
215.82
215.86
215.89
215.9
215.94
215.97
216
216.02
216.03
216.11
216.13
216.15
216.16
216.19
216.21
216.23
216.25
216.28
216.33
216.36
216.38
216.4
216.43
216.47
216.49
216.53
216.57
216.61
216.71
217.07
217.12
217.18
217.43
217.54
217.59
217.97
218.03
218.14
218.2
218.23
218.32
218.33
218.34
218.36
218.44
218.46
218.48
218.52
218.54
218.59
218.63
218.65
218.67
218.71
218.73
218.77
218.83
218.85
218.87
218.88
218.9
218.92
218.94
218.96
218.98
218.99
219.01
219.03
219.05
219.06
219.08
219.09
219.11
219.12
219.16
219.18
219.2
219.22
219.23
219.26
219.28
219.3
219.32
219.34
219.36
219.38
219.45
219.61
219.85
219.94
220.22
221.55
221.73
221.99
222.06
222.1
222.15
222.18
222.25
222.29
222.33
222.46
222.48
222.52
222.57
222.59
222.62
222.69
222.99
223.12
223.44
223.5
223.53
223.56
223.77
223.92
224.01
224.1
224.19
224.31
224.33
224.79
225.02
225.25
225.3
225.35
225.41
225.45
225.49
225.52
225.56
225.61
225.65
225.69
225.73
225.8
225.84
225.88
225.92
225.95
225.97
226.01
226.05
226.08
226.12
226.19
226.22
226.25
226.28
226.32
226.36
226.39
226.43
226.49
226.53
226.83
227.2
227.37
228.19
228.23
228.28
228.31
228.34
228.39
228.43
228.46
228.51
228.55
228.59
228.62
228.66
228.71
228.74
228.77
228.85
228.89
228.93
228.98
229.01
229.04
229.11
229.15
229.2
229.24
229.27
229.32
229.37
229.38
229.52
229.63
229.67
229.7
229.76
229.83
229.94
230.05
230.11
230.16
230.21
230.27
230.36
230.47
230.58
230.59
231.16
231.21
231.44
231.62
231.8
231.83
231.86
231.92
231.95
231.99
232.11
232.17
232.26
232.37
232.41
232.45
232.5
232.54
232.69
232.72
232.78
232.81
232.86
233.1
233.16
233.29
233.47
233.49
233.52
233.69
233.78
233.8
233.95
234.1
234.16
234.85
234.94
235.02
235.21
235.3
235.34
235.38
235.44
235.48
235.52
235.57
235.76
235.79
235.81
235.83
235.87
235.9
235.95
235.98
236.09
236.16
236.25
236.3
236.74
236.81
236.84
236.88
236.93
237.02
237.09
237.13
237.17
237.21
237.26
237.32
237.42
237.62
237.71
237.72
237.73
237.74
237.75
237.79
237.81
237.83
237.84
237.9
237.97
237.99
238.02
238.04
238.05
238.09
238.11
238.17
238.21
238.24
238.26
238.29
238.31
238.34
238.38
238.41
238.44
238.47
238.54
238.57
238.6
238.67
238.68
238.7
238.73
238.75
238.79
238.82
238.85
238.87
238.9
238.94
238.96
238.98
239.01
239.03
239.05
239.21
240.19
240.23
240.27
240.44
240.56
240.65
240.67
240.7
240.73
240.77
240.8
240.85
240.88
240.91
240.97
241.01
241.03
241.07
241.1
241.12
241.15
241.16
241.18
241.21
241.23
241.25
241.28
241.3
241.34
241.39
241.41
241.43
241.45
241.47
241.49
241.51
241.53
241.56
241.59
241.63
241.7
241.75
241.81
241.87
242
242.05
242.69
242.77
242.81
242.99
243.22
243.25
243.27
243.3
243.32
243.34
243.4
243.44
243.46
243.48
243.53
243.57
243.6
243.69
243.74
243.77
243.79
243.81
243.84
243.86
243.88
243.91
243.95
243.99
244.02
244.04
244.09
244.15
244.19
244.21
244.25
244.27
244.31
244.34
244.39
244.41
244.44
244.47
244.49
244.51
244.55
244.57
244.59
244.64
244.68
244.7
244.73
245.29
246.55
246.62
246.67
246.74
246.78
246.95
247.01
247.04
247.19
247.35
247.39
247.41
247.46
247.5
247.54
247.6
247.64
247.75
247.84
247.91
248.07
248.18
248.23
248.27
248.3
248.54
248.64
248.83
248.88
249.13
249.21
249.26
249.33
249.58
249.62
249.63
249.65
249.66
249.67
249.7
249.73
249.75
249.77
249.82
249.87
249.89
249.91
249.95
249.98
250.03
250.06
250.08
250.11
250.14
250.16
250.18
250.21
250.24
250.26
250.29
250.32
250.34
250.36
250.38
250.43
250.45
250.46
250.48
250.5
250.51
250.53
250.55
250.6
250.61
250.63
250.65
250.67
250.68
250.72
250.74
250.76
250.78
250.8
250.82
250.84
250.87
250.9
250.95
250.97
251.02
251.06
251.94
252.88
252.92
253
253.1
253.17
253.23
253.4
253.45
253.52
253.72
253.78
253.92
254.03
254.08
254.15
254.16
254.2
254.23
254.26
254.31
254.43
254.46
254.5
254.56
254.67
254.7
254.74
254.81
254.84
255.02
255.06
255.1
255.13
255.16
255.53
255.56
255.63
255.64
255.65
255.67
255.68
255.71
255.72
255.75
255.77
255.8
255.82
255.84
255.86
255.88
255.9
255.94
255.96
255.99
256.12
256.15
256.17
256.19
256.22
256.35
256.39
256.4
256.44
256.46
256.47
256.5
256.51
256.6
256.64
256.67
256.7
256.74
256.82
257.01
257.96
258.21
258.23
258.25
258.31
258.35
258.38
258.4
258.44
258.47
258.49
258.51
258.53
258.59
258.63
258.65
258.68
258.7
258.74
258.8
258.83
258.86
258.89
258.91
258.97
258.99
259.06
259.09
259.12
259.17
259.19
259.24
259.25
259.27
259.28
259.31
259.34
259.36
259.38
259.4
259.43
259.52
259.57
259.94
260
260.1
260.63
261.38
262.11
262.17
262.21
262.28
262.3
262.34
262.56
262.64
262.7
262.72
263.21
263.27
263.53
263.82
263.93
263.95
263.97
264.54
264.8
264.85
264.9
265.12
265.18
265.22
265.26
265.31
265.48
265.55
265.59
265.64
265.67
265.71
265.75
265.87
265.93
265.98
266
266.11
266.26
266.32
266.37
266.44
266.51
266.55
266.74
266.81
266.83
266.87
266.98
267.08
267.1
267.12
267.21
267.61
267.88
268.01
268.08
268.14
268.22
268.33
268.36
268.4
268.43
268.52
268.55
268.68
268.71
268.75
268.8
268.84
268.96
269.02
269.24
269.35
269.4
269.42
269.47
269.52
269.62
269.7
270.18
270.21
270.24
270.28
270.39
270.44
270.5
270.53
270.57
270.61
270.65
270.91
270.97
271.1
271.11
271.12
271.14
271.15
271.16
271.21
271.23
271.25
271.27
271.29
271.32
271.35
271.37
271.4
271.43
271.46
271.49
271.51
271.53
271.56
271.62
271.64
271.67
271.7
271.74
271.79
271.82
271.85
271.89
271.92
271.95
271.97
271.99
272.02
272.05
272.09
272.16
272.19
272.22
272.24
272.28
272.36
272.41
272.43
272.45
272.5
272.76
273.14
273.85
273.9
274.02
274.03
274.04
274.05
274.06
274.07
274.09
274.11
274.13
274.18
274.2
274.23
274.27
274.29
274.32
274.37
274.43
274.46
274.57
274.58
274.61
274.64
274.66
274.69
274.71
274.73
274.75
274.77
274.79
274.81
274.83
274.85
274.87
274.92
274.95
274.97
275
275.03
275.06
275.11
275.13
275.17
275.21
275.24
275.26
275.28
275.3
275.38
275.42
275.53
275.64
275.69
275.78
276.12
276.17
276.38
276.67
276.69
276.82
276.84
276.85
276.85
276.87
276.91
276.93
276.95
276.97
277.02
277.04
277.06
277.08
277.11
277.12
277.14
277.16
277.19
277.21
277.24
277.28
277.31
277.33
277.35
277.37
277.41
277.44
277.48
277.5
277.52
277.54
277.55
277.58
277.6
277.62
277.64
277.66
277.68
277.71
277.73
277.75
277.81
277.86
277.89
277.93
277.99
278.05
278.08
278.22
279.38
279.46
279.49
279.55
279.95
280.44
280.47
280.52
280.69
280.75
280.79
280.82
280.86
280.88
280.92
281
281.03
281.06
281.08
281.12
281.2
281.22
281.26
281.28
281.31
281.34
281.38
281.43
281.51
281.58
281.62
281.64
281.7
281.75
281.8
281.93
281.96
282
282.03
282.09
282.22
282.27
282.4
282.43
282.46
282.52
282.57
282.66
282.69
282.77
282.88
282.98
283.06
283.09
283.11
283.14
283.18
283.24
283.3
283.35
283.48
283.51
283.57
283.65
283.78
283.81
283.88
283.91
283.93
283.94
283.96
283.98
284
284.03
284.06
284.09
284.12
284.14
284.18
284.21
284.23
284.27
284.29
284.31
284.33
284.35
284.38
284.4
284.43
284.45
284.47
284.5
284.56
284.59
284.62
284.66
284.72
284.74
284.79
284.81
284.84
284.89
284.92
285.01
285.04
285.07
285.09
285.11
285.16
285.18
285.2
285.23
285.28
285.3
285.35
285.87
286.67
286.75
286.79
286.81
286.81
286.83
286.85
286.87
286.89
286.92
286.98
286.99
287.01
287.03
287.04
287.08
287.1
287.13
287.23
287.26
287.28
287.31
287.36
287.47
287.49
287.5
287.52
287.56
287.58
287.59
287.62
287.64
287.66
287.69
287.71
287.74
287.76
287.79
287.82
287.84
287.86
287.88
287.9
287.92
287.94
287.97
287.99
288.02
288.05
288.06
288.09
288.12
288.14
288.17
288.2
288.27
288.29
288.56
288.79
289
289.85
290.21
290.27
290.33
290.37
290.41
290.45
290.58
290.65
290.68
290.75
290.8
290.83
290.86
290.9
290.95
291.01
291.05
291.09
291.12
291.15
291.19
291.22
291.32
291.39
291.43
291.48
291.52
291.59
291.74
291.77
291.82
291.91
292
292.07
292.27
292.34
292.38
292.5
292.67
292.78
292.88
292.89
292.91
292.93
292.94
292.98
293
293.02
293.05
293.07
293.09
293.11
293.14
293.16
293.2
293.23
293.25
293.27
293.31
293.33
293.36
293.38
293.41
293.44
293.46
293.48
293.51
293.53
293.55
293.63
293.65
293.67
293.69
293.72
293.74
293.77
293.8
293.83
293.85
293.94
294.07
294.2
294.26
294.3
294.66
295.12
295.19
295.33
295.96
296
296.13
296.18
296.26
296.31
296.35
296.39
296.49
296.57
296.59
296.61
296.76
296.84
296.91
296.93
296.97
297.02
297.09
297.14
297.16
297.22
297.3
297.45
297.52
297.56
297.66
297.79
298.79
298.84
298.88
298.98
299.03
299.07
299.16
299.23
299.38
299.44
299.48
299.57
299.61
299.69
299.72
299.76
299.88
299.91
299.97
300.02
300.05
300.11
300.14
300.21
300.23
300.29
300.36
300.41
300.45
300.5
300.57
300.6
300.74
300.78
300.86
300.91
300.94
300.98
301.03
301.09
301.13
301.18
301.23
301.27
301.31
301.34
301.57
301.61
302.21
302.62
302.91
303.09
303.1
303.12
303.15
303.24
303.38
303.43
303.46
303.51
304.19
304.29
304.32
304.35
304.39
304.43
304.46
304.49
304.55
304.6
304.65
304.83
304.92
304.97
305.05
305.07
305.11
305.12
305.14
305.16
305.18
305.21
305.23
305.25
305.27
305.3
305.33
305.36
305.4
305.43
305.46
305.49
305.51
305.55
305.57
305.61
305.64
305.66
305.68
305.7
305.72
305.75
305.78
305.8
305.82
305.84
305.86
305.88
305.9
305.93
305.96
306.01
306.03
306.08
306.09
306.12
306.15
306.17
306.21
306.3
306.4
306.68
307.22
307.27
307.42
307.46
307.5
307.6
307.62
308.31
308.35
308.4
308.46
308.57
308.72
308.75
308.78
308.82
309.08
309.18
309.24
309.3
309.41
309.46
309.78
309.84
309.87
309.95
309.98
310.09
310.16
310.38
310.44
310.49
310.51
310.53
310.56
310.6
310.64
310.7
310.74
310.77
310.81
310.84
310.88
310.92
310.96
311
311.05
311.08
311.1
311.13
311.2
311.24
311.26
312.06
312.18
312.26
312.29
312.31
312.35
312.39
312.44
312.48
312.53
312.57
312.64
312.69
313.39
313.45
313.49
313.51
313.54
313.56
313.59
313.68
313.82
313.88
313.92
313.96
314.01
314.06
314.15
314.3
314.33
314.4
314.42
314.43
314.45
314.46
314.48
314.5
314.52
314.54
314.56
314.58
314.61
314.63
314.66
314.69
314.72
314.75
314.81
314.86
314.92
314.96
314.98
315
315.02
315.04
315.06
315.08
315.09
315.13
315.15
315.17
315.19
315.22
315.24
315.26
315.31
315.34
315.38
315.4
315.45
315.47
315.5
315.53
315.56
315.61
315.69
316.86
317.01
317.02
317.04
317.21
317.23
317.26
317.28
317.29
317.31
317.33
317.35
317.37
317.42
317.48
317.51
317.54
317.57
317.59
317.62
317.64
317.69
317.71
317.74
317.76
317.77
317.79
317.82
317.83
317.85
317.88
317.9
317.94
317.97
317.98
318.05
318.07
318.1
318.16
318.19
318.21
318.24
318.28
318.31
318.36
318.41
318.44
318.6
318.64
318.77
320.35
320.44
320.48
320.53
320.59
320.63
320.74
320.79
320.89
320.98
321.03
321.07
321.11
321.16
321.19
321.26
321.29
321.38
321.42
321.46
321.5
321.54
321.6
321.79
321.82
321.94
321.98
322.02
322.18
322.25
322.3
322.4
322.47
322.54
322.57
322.63
322.69
322.77
322.81
322.88
322.93
323.03
323.07
323.1
323.14
323.17
323.33
323.38
323.44
323.47
323.49
323.56
323.59
323.62
323.66
323.69
323.72
323.74
323.81
323.85
323.92
323.95
324
324.03
324.75
325.11
325.57
325.6
325.63
325.7
325.75
325.79
325.88
325.93
325.98
326.14
326.37
326.41
326.57
326.73
326.81
326.83
326.86
326.9
326.93
327.05
327.14
327.18
327.24
327.27
327.57
327.61
327.64
327.66
327.68
327.77
327.79
327.81
327.83
327.85
327.87
327.9
327.92
327.95
327.99
328.04
328.06
328.08
328.14
328.16
328.2
328.25
328.28
328.31
328.35
328.37
328.39
328.41
328.44
328.48
328.5
328.52
328.55
328.57
328.6
328.63
328.65
328.69
328.71
328.73
328.76
328.82
328.85
328.9
328.93
329.09
329.15
329.26
329.74
330.14
330.25
330.36
330.37
330.38
330.39
330.44
330.48
330.5
330.53
330.57
330.67
330.7
330.72
330.75
330.78
330.8
330.84
330.86
330.89
330.91
330.93
330.96
330.99
331.01
331.03
331.05
331.07
331.11
331.17
331.23
331.26
331.29
331.35
331.41
331.54
332.38
332.61
332.95
332.98
333
333.01
333.03
333.05
333.07
333.11
333.13
333.16
333.18
333.22
333.25
333.28
333.3
333.32
333.35
333.37
333.39
333.41
333.44
333.46
333.49
333.51
333.57
333.59
333.61
333.63
333.65
333.67
333.69
333.71
333.73
333.76
333.79
333.81
333.83
333.85
333.87
333.9
333.92
333.96
333.99
334.09
334.12
334.17
334.2
334.23
334.31
334.33
334.35
334.37
334.4
334.42
334.43
334.46
334.52
334.54
334.56
334.58
334.6
334.62
334.64
334.66
334.67
334.69
334.71
334.74
334.75
334.77
334.78
334.8
334.82
334.85
334.87
334.93
334.95
334.97
335
335.03
335.05
335.09
335.14
335.17
335.31
335.57
336.43
336.48
336.6
337.09
337.13
337.19
337.24
337.28
337.47
337.51
337.72
337.88
337.92
337.95
338.02
338.05
338.08
338.12
338.24
338.35
338.68
338.76
338.81
338.84
338.96
339.06
339.16
339.2
339.25
339.59
339.65
339.94
339.97
340.04
341.36
341.41
341.63
341.65
341.71
341.72
341.76
341.8
342.16
342.2
342.24
342.3
342.37
342.55
342.62
342.64
342.74
342.8
342.87
342.9
342.97
343.3
343.33
343.36
343.39
343.43
343.45
343.47
343.49
343.5
343.52
343.56
343.58
343.62
343.64
343.67
343.72
343.8
343.85
343.88
343.92
343.94
343.99
344.01
344.03
344.05
344.09
344.11
344.12
344.15
344.17
344.19
344.21
344.24
344.26
344.28
344.32
344.34
344.38
344.4
344.43
344.49
344.52
344.55
344.58
344.65
344.69
344.71
344.74
344.76
344.79
344.82
344.84
344.86
344.92
344.98
345.01
345.06
345.08
345.12
345.13
345.15
345.21
345.23
345.24
345.27
345.3
345.32
345.34
345.36
345.38
345.4
345.41
345.43
345.45
345.47
345.48
345.51
345.53
345.55
345.57
345.6
345.63
345.67
345.73
345.75
345.78
345.81
345.83
345.88
345.9
345.92
345.97
346
346.02
346.04
346.08
346.1
346.13
346.16
346.18
346.2
346.25
346.27
346.3
346.33
346.51
346.54
346.91
346.98
347.05
347.87
347.92
347.93
347.95
347.96
347.99
348.01
348.03
348.05
348.07
348.1
348.16
348.2
348.25
348.28
348.35
348.38
348.41
348.43
348.49
348.53
348.57
348.62
348.64
348.66
348.67
348.7
348.75
348.77
348.8
348.82
348.84
348.92
348.94
348.97
349.01
349.03
349.06
349.09
349.11
349.14
349.18
349.21
349.24
349.26
349.29
349.35
349.37
349.39
349.46
349.49
349.51
349.56
349.58
349.6
349.63
349.97
350.1
350.25
350.28
350.36
350.7
350.77
350.85
350.9
350.97
351.04
351.11
351.16
351.26
351.34
351.4
351.47
351.5
351.58
351.63
351.75
351.83
351.89
351.97
352.05
352.12
352.14
352.19
352.36
352.56
352.61
352.68
352.81
352.87
353.49
353.55
353.79
353.8
353.82
353.84
353.86
353.89
353.93
353.95
353.97
354
354.05
354.09
354.13
354.16
354.18
354.21
354.23
354.25
354.28
354.3
354.37
354.38
354.4
354.42
354.44
354.47
354.49
354.51
354.54
354.59
354.63
354.65
354.68
354.75
354.79
354.81
354.83
354.86
354.89
354.92
354.95
354.98
355.59
356.42
357.19
357.55
357.64
357.68
357.75
357.81
357.82
357.89
357.95
357.98
358.01
358.04
358.09
358.18
358.21
358.24
358.3
358.33
358.37
358.39
358.87
358.92
358.97
359
359.22
359.25
359.3
359.42
359.48
359.53
359.81
359.84
359.9
360.31
360.54
360.68
360.8
360.91
361.08
361.22
361.26
361.29
361.38
361.44
361.48
361.52
361.6
361.66
361.79
361.82
361.85
362.12
362.3
362.35
362.38
362.42
362.46
362.51
362.55
362.59
362.63
362.66
362.7
362.74
362.77
362.81
362.84
362.94
362.99
363.03
363.08
363.12
363.14
363.18
363.23
363.27
363.34
363.38
363.41
363.48
363.64
364.23
364.26
364.32
364.38
364.43
364.62
364.75
364.82
364.89
364.96
365.03
365.07
365.13
365.2
365.39
365.44
365.47
365.51
365.55
365.59
365.62
365.66
365.69
365.74
365.79
365.83
366.07
366.72
366.75
366.79
366.82
367.04
367.28
367.32
367.36
367.47
367.53
367.62
367.7
367.76
367.81
367.95
368.06
368.07
368.09
368.18
368.2
368.22
368.23
368.25
368.28
368.32
368.34
368.36
368.39
368.41
368.54
368.56
368.6
368.65
368.68
368.74
368.76
368.78
368.8
368.82
368.84
368.86
368.89
368.96
368.98
369
369.04
369.06
369.09
369.12
369.17
369.2
369.23
369.28
369.39
369.45
369.52
369.64
369.71
369.75
370.57
370.74
370.79
370.8
370.83
370.85
370.88
370.92
370.94
370.97
371.04
371.13
371.18
371.2
371.23
371.26
371.28
371.31
371.38
371.41
371.43
371.46
371.49
371.51
371.54
371.56
371.6
371.62
371.64
371.66
371.73
371.75
371.79
371.81
371.83
371.86
371.89
371.91
371.94
371.96
372
372.05
372.07
372.09
372.12
372.16
372.23
372.27
372.32
373.28
373.65
374.28
374.56
374.59
374.75
374.8
374.86
374.89
374.92
374.99
375.01
375.13
375.17
375.33
375.37
375.43
375.5
375.54
375.58
375.63
375.66
375.69
375.8
375.87
375.9
375.95
375.98
376.03
376.07
376.29
376.38
376.43
376.45
376.52
376.63
376.68
376.71
376.79
376.85
376.95
376.99
377.06
377.75
377.85
377.95
378.09
378.16
378.16
378.33
378.5
378.57
378.61
378.72
378.86
378.9
378.97
379.04
379.07
379.14
379.27
379.37
379.45
379.5
379.62
380
380.08
380.13
380.21
380.29
380.35
380.42
380.46
380.54
380.58
380.63
380.69
380.72
380.76
380.96
381.04
381.08
381.1
381.14
381.16
381.18
381.2
381.22
381.24
381.26
381.28
381.3
381.34
381.38
381.4
381.42
381.45
381.47
381.53
381.55
381.58
381.6
381.62
381.64
381.68
381.7
381.72
381.73
381.76
381.78
381.79
381.85
381.89
381.91
381.93
381.95
381.96
381.98
382
382.03
382.11
382.13
382.16
382.21
382.24
382.28
382.32
382.38
382.41
382.46
382.8
382.86
382.91
383.96
383.97
384
384.03
384.05
384.08
384.1
384.13
384.16
384.19
384.22
384.24
384.26
384.28
384.3
384.33
384.37
384.4
384.42
384.44
384.47
384.49
384.54
384.55
384.59
384.62
384.64
384.66
384.67
384.72
384.74
384.76
384.8
384.82
384.84
384.87
384.88
384.91
384.93
384.94
384.96
384.98
385
385.03
385.05
385.07
385.08
385.13
385.14
385.16
385.19
385.2
385.23
385.25
385.26
385.29
385.32
385.34
385.36
385.37
385.41
385.43
385.46
385.47
385.49
385.51
385.53
385.55
385.56
385.58
385.6
385.63
385.65
385.68
385.7
385.72
385.79
385.84
385.91
386.09
386.13
386.16
387.18
387.22
387.33
387.36
387.37
387.39
387.41
387.45
387.49
387.52
387.56
387.6
387.64
387.71
387.73
387.75
387.77
387.83
387.85
387.87
387.93
387.95
387.97
388
388.05
388.07
388.09
388.13
388.15
388.18
388.3
388.33
388.36
388.38
388.41
388.44
388.5
388.52
388.54
388.57
388.61
388.64
388.68
388.7
388.76
388.81
388.83
388.86
388.9
388.93
388.96
388.99
389.01
389.04
389.08
389.09
389.12
389.15
389.17
389.22
389.52
389.82
390.07
390.66
390.67
390.69
390.7
390.72
390.76
390.78
390.82
390.83
390.86
390.91
390.95
390.97
390.99
391.02
391.05
391.11
391.15
391.18
391.21
391.23
391.25
391.27
391.3
391.31
391.33
391.35
391.38
391.4
391.49
391.51
391.54
391.59
391.61
391.64
391.67
391.76
391.79
391.86
391.88
391.94
391.96
391.99
392.01
392.03
392.06
392.08
392.11
392.14
392.17
392.18
392.2
392.25
392.27
392.29
392.32
392.34
392.36
392.38
392.4
392.42
392.46
392.48
392.53
392.54
392.56
392.59
392.61
392.64
392.66
392.69
392.71
392.74
392.78
392.8
392.83
393.36
394.58
395.38
395.5
395.55
395.83
395.87
395.94
395.97
396.19
396.24
396.29
396.36
396.41
396.45
396.49
396.54
396.74
396.92
397.04
397.08
397.13
397.16
397.21
397.26
397.5
397.56
398.13
398.18
398.25
398.42
398.57
398.65
398.7
398.76
398.8
398.83
398.87
398.95
398.99
399.04
399.08
399.12
399.15
399.19
399.22
399.26
399.3
399.33
399.37
399.45
399.49
399.54
399.58
399.66
399.97
400
400.02
400.04
400.08
400.12
400.28
400.34
400.37
400.42
400.48
400.61
400.65
400.68
400.75
400.8
400.86
400.96
401.09
401.13
401.26
401.29
401.3
401.67
401.9
402.24
402.28
402.31
402.38
402.44
402.48
402.58
402.61
402.64
402.73
402.91
403.06
403.09
403.13
403.2
403.23
403.31
403.34
403.42
403.53
403.56
403.6
403.64
403.69
403.73
404.41
404.45
404.5
404.8
404.86
404.87
404.89
405.59
405.63
405.67
405.72
405.91
406.15
406.19
406.23
406.26
406.29
406.32
406.36
406.43
406.47
406.53
406.61
406.65
406.76
406.78
406.82
406.93
407.07
407.21
407.5
407.7
407.78
407.82
407.92
408.1
408.14
408.18
408.21
408.25
408.35
408.43
408.71
408.79
408.81
408.82
408.84
408.86
408.88
408.91
408.93
408.97
408.99
409.06
409.08
409.11
409.13
409.15
409.18
409.22
409.24
409.27
409.29
409.33
409.36
409.4
409.43
409.46
409.48
409.51
409.55
409.57
409.6
409.64
409.69
409.72
409.75
409.77
409.79
409.83
409.84
409.86
409.88
409.9
409.93
409.95
409.97
409.99
410.01
410.03
410.05
410.07
410.09
410.11
410.18
410.2
410.29
410.68
410.75
411.5
412.15
412.23
412.27
412.34
412.39
412.42
412.45
412.57
412.62
412.66
412.7
412.75
412.79
412.82
412.88
412.96
413.01
413.1
413.15
413.22
413.25
413.47
413.53
413.59
413.68
413.72
413.91
413.98
414.05
414.37
414.39
414.41
414.43
414.44
414.47
414.52
414.55
414.58
414.64
414.68
414.79
414.9
414.96
415.11
415.73
416.44
416.5
416.54
416.63
416.67
416.72
416.76
416.79
416.82
416.88
416.91
416.94
416.97
417.05
417.13
417.17
417.23
417.26
417.39
417.48
417.54
417.59
417.63
417.65
417.7
417.75
418.13
418.14
418.2
418.24
418.29
418.47
418.58
418.61
418.67
418.7
418.72
418.75
418.77
418.8
418.84
418.97
419.06
419.16
419.27
419.31
419.4
419.43
419.5
419.52
419.55
419.56
419.57
419.58
419.59
419.6
419.61
419.66
419.72
419.75
419.76
419.78
419.8
419.81
419.84
419.87
419.92
419.96
420.1
420.13
420.17
420.2
420.27
420.3
420.33
420.37
420.39
420.41
420.43
420.45
420.47
420.56
420.59
420.61
420.66
420.7
420.72
420.74
420.77
420.79
420.84
420.87
422.89
422.93
422.94
422.96
422.99
423.01
423.03
423.06
423.09
423.16
423.25
423.32
423.45
423.49
423.51
423.56
423.58
423.6
423.63
423.66
423.67
423.71
423.73
423.76
423.78
423.81
423.83
423.88
423.9
423.94
423.96
423.98
424.01
424.04
424.13
424.16
424.18
424.21
424.25
424.27
424.29
424.31
424.33
424.36
424.41
424.45
424.47
424.52
425.53
426.01
426.03
426.05
426.07
426.09
426.12
426.15
426.17
426.2
426.23
426.25
426.28
426.36
426.39
426.41
426.47
426.51
426.53
426.55
426.57
426.6
426.63
426.65
426.67
426.69
426.71
426.75
426.77
426.8
426.82
426.85
426.88
426.91
426.93
426.97
427.03
427.61
427.68
427.79
428.53
428.54
428.55
428.56
428.59
428.6
428.62
428.64
428.67
428.7
428.74
428.84
428.87
428.92
428.94
428.98
429
429.03
429.06
429.08
429.11
429.15
429.17
429.23
429.25
429.28
429.32
429.35
429.37
429.39
429.41
429.44
429.52
429.55
429.57
429.59
429.62
429.64
429.68
429.72
429.77
429.79
429.81
429.83
429.86
429.88
429.9
429.93
429.99
430.17
430.25
430.28
430.42
430.9
431.11
431.19
431.23
431.34
431.54
431.55
431.56
431.61
431.65
431.68
431.71
431.73
431.76
431.78
431.81
431.84
431.91
431.93
431.96
431.98
432.01
432.06
432.08
432.1
432.12
432.14
432.16
432.17
432.19
432.21
432.25
432.26
432.28
432.31
432.33
432.35
432.4
432.42
432.45
432.48
432.51
432.53
432.57
432.62
432.76
432.81
432.84
432.88
433.69
433.98
434.01
434.03
434.45
434.5
434.55
434.68
434.72
434.92
434.99
435.08
435.17
435.21
435.26
435.3
435.32
435.38
435.57
435.71
435.8
435.83
435.93
435.97
436.05
436.08
436.21
436.25
436.29
436.51
436.54
436.57
436.8
436.95
437.33
437.68
438
438.24
438.34
438.51
438.54
438.61
438.64
438.69
438.79
438.92
438.97
439.02
439.12
439.16
439.22
439.3
439.4
439.47
439.51
439.6
439.65
439.67
439.7
439.76
439.79
439.87
439.92
439.95
440.16
440.31
440.34
440.37
440.41
440.47
440.5
440.54
440.6
440.64
440.67
440.82
440.86
441.4
441.46
441.49
441.51
441.56
441.57
442.04
442.31
442.35
442.41
442.45
442.61
442.78
442.93
442.98
443.07
443.12
443.18
443.22
443.27
443.35
443.45
443.49
443.6
443.62
443.66
443.72
443.81
443.87
443.91
444.12
444.18
444.22
444.26
444.3
444.36
444.5
444.53
444.56
444.61
444.65
444.68
444.7
444.71
444.74
444.76
444.78
444.79
444.82
444.84
444.87
444.91
444.93
444.96
444.99
445.02
445.05
445.08
445.1
445.15
445.17
445.22
445.25
445.27
445.3
445.33
445.35
445.37
445.4
445.43
445.46
445.48
445.51
445.54
445.62
445.64
445.66
445.7
445.73
445.75
445.76
445.78
445.8
445.83
445.85
445.9
445.93
445.95
445.97
446.01
446.03
446.04
446.06
446.08
446.09
446.11
446.13
446.14
446.16
446.17
446.23
446.25
446.26
446.29
446.33
446.35
446.37
446.39
446.41
446.44
446.46
446.5
446.54
446.57
446.6
446.72
448.64
448.71
448.78
448.82
448.92
448.96
449.06
449.1
449.13
449.17
449.27
449.3
449.33
449.36
449.4
449.43
449.45
449.48
449.51
449.55
449.6
449.66
449.78
449.83
449.87
449.95
449.98
450.13
450.17
450.23
450.32
450.37
450.59
450.67
450.68
450.94
450.98
451.16
451.23
451.28
451.31
451.41
451.46
451.49
451.61
451.65
451.69
451.71
451.73
451.75
451.77
451.84
451.89
451.91
451.94
451.96
451.99
452.01
452.03
452.08
452.09
452.12
452.15
452.17
452.19
452.21
452.24
452.26
452.28
452.3
452.33
452.35
452.38
452.4
452.42
452.45
452.47
452.5
452.51
452.52
452.54
452.56
452.58
452.6
452.62
452.64
452.67
452.69
452.72
452.74
452.76
452.8
452.83
452.85
452.88
452.91
452.94
452.97
453
454.03
454.06
454.1
454.13
454.16
454.21
454.38
454.45
454.71
454.75
454.84
454.85
454.88
454.91
454.93
454.95
454.97
454.98
455.06
455.08
455.14
455.17
455.2
455.23
455.26
455.37
455.39
455.41
455.43
455.46
455.52
455.54
455.56
455.59
455.61
455.63
455.66
455.72
455.74
455.77
455.79
455.84
455.87
455.9
455.92
455.95
455.97
455.99
456.01
456.03
456.05
456.07
456.11
456.18
456.21
456.23
456.25
456.31
456.34
456.38
456.71
456.76
457.12
457.72
457.78
458.56
458.6
458.63
458.66
459.08
459.13
459.57
459.66
459.84
459.91
459.99
460.1
460.26
460.3
460.32
460.35
460.41
460.46
460.59
460.74
461.15
461.16
461.19
461.22
461.75
461.82
462.2
462.25
462.3
462.37
462.53
462.64
462.69
462.78
462.82
462.89
463.14
463.19
463.22
463.27
463.53
463.67
463.81
463.86
463.99
464.07
464.11
464.15
464.19
464.21
464.3
464.49
464.65
464.67
464.71
464.75
464.78
464.81
464.84
464.86
464.89
464.95
464.96
464.99
465.02
465.04
465.08
465.11
465.13
465.16
465.21
465.23
465.26
465.28
465.31
465.34
465.39
465.42
465.44
465.46
465.48
465.51
465.54
465.57
465.6
465.62
465.66
465.68
465.69
465.73
465.75
465.76
465.78
465.8
465.81
465.82
465.86
465.88
465.9
465.94
465.98
466.01
466.04
466.06
466.09
466.11
466.14
466.2
466.26
466.48
467.29
467.32
467.37
467.42
467.46
468.7
468.85
468.89
468.94
468.97
469.04
469.09
469.11
469.16
469.24
469.33
469.47
469.5
469.53
469.56
469.61
469.66
469.69
469.73
469.79
469.84
469.87
469.9
469.98
470.01
470.07
470.14
470.2
470.22
470.34
470.39
470.43
470.46
470.49
470.54
470.57
470.6
470.63
470.68
470.71
470.8
470.84
470.9
470.95
471
471.11
471.16
471.21
471.28
471.36
471.39
471.43
471.46
471.59
471.63
471.67
471.73
471.77
471.89
472.23
472.29
472.34
472.43
472.5
472.53
472.57
472.69
472.73
472.81
473.13
473.21
473.24
473.27
473.36
473.4
473.44
473.47
473.53
473.57
473.63
473.69
473.78
473.82
473.89
474.1
474.39
474.52
474.71
474.73
474.76
474.83
474.87
475.19
475.29
475.34
475.5
475.57
475.6
475.63
475.66
475.73
475.85
475.87
475.89
475.91
475.93
475.95
475.96
475.99
476.02
476.04
476.07
476.17
476.2
476.24
476.26
476.28
476.29
476.31
476.33
476.36
476.38
476.4
476.43
476.45
476.48
476.5
476.52
476.55
476.57
476.59
476.61
476.64
476.66
476.7
476.73
476.76
476.79
476.81
476.87
476.88
476.9
476.92
476.94
476.96
477.02
477.06
477.09
477.12
477.14
477.18
477.21
477.23
477.28
477.31
477.33
477.36
477.38
477.41
477.43
477.5
477.52
477.55
477.57
477.6
477.63
477.65
477.68
477.72
477.82
479.01
479.58
479.71
479.73
479.74
479.75
479.76
479.8
479.82
479.84
479.87
479.9
479.93
480.01
480.03
480.05
480.08
480.15
480.21
480.24
480.28
480.31
480.38
480.41
480.45
480.47
480.49
480.51
480.52
480.55
480.57
480.63
480.66
480.71
480.73
480.75
480.78
480.8
480.85
481.14
482.17
482.83
482.89
482.92
482.97
483.06
483.09
483.13
483.29
483.34
483.41
483.53
483.56
483.59
483.63
483.66
483.71
483.76
483.86
483.92
484.08
484.17
484.25
484.37
484.86
484.88
484.89
484.9
484.93
484.96
484.99
485.09
485.13
485.22
485.28
485.33
485.49
485.57
485.75
485.77
485.8
485.83
485.86
485.89
485.91
485.93
485.96
485.98
486.03
486.06
486.13
486.16
486.18
486.2
486.22
486.25
486.31
486.39
486.44
486.46
486.47
486.5
486.52
486.53
486.55
486.56
486.58
486.62
486.63
486.65
486.66
486.68
486.7
486.72
486.76
486.78
486.8
486.83
486.85
486.88
486.91
486.93
486.96
486.99
487.39
487.59
487.92
488.09
488.14
488.37
488.47
488.5
488.52
488.54
488.56
488.59
488.61
488.64
488.67
488.7
488.76
488.85
488.91
488.97
488.99
489.01
489.04
489.06
489.08
489.09
489.12
489.13
489.15
489.17
489.19
489.21
489.23
489.26
489.27
489.3
489.32
489.34
489.38
489.4
489.42
489.46
489.49
489.52
489.54
489.56
489.58
489.6
489.63
489.65
489.67
489.7
489.74
489.76
489.79
489.8
489.83
489.86
489.88
489.9
489.92
489.94
489.96
489.98
490
490.06
490.09
490.12
490.14
490.18
490.22
490.28
491.72
491.73
491.76
491.81
491.84
491.86
491.89
491.93
491.95
491.98
492
492.06
492.08
492.1
492.13
492.17
492.22
492.25
492.27
492.29
492.32
492.33
492.39
492.41
492.43
492.45
492.46
492.48
492.5
492.52
492.54
492.56
492.59
492.61
492.64
492.7
492.72
492.74
492.78
492.82
492.85
492.9
492.92
492.95
492.98
493
493.02
493.06
493.08
493.1
493.14
493.17
493.2
493.23
493.64
493.95
495.45
495.49
495.67
495.7
495.73
495.81
495.83
495.86
495.88
495.92
495.99
496.03
496.13
496.19
496.2
496.24
496.3
496.38
496.49
496.52
496.55
496.84
496.88
496.94
497.12
497.17
497.31
497.42
497.63
497.74
497.83
497.85
497.86
497.92
497.96
498.02
498.09
498.13
498.64
499.48
499.53
499.67
499.7
499.84
499.89
499.94
499.98
500.03
500.06
500.1
500.13
500.16
500.25
500.46
500.52
500.59
500.65
500.71
500.89
500.94
501.16
501.19
501.21
501.25
501.28
501.32
501.86
502.15
502.16
502.18
502.23
502.27
502.32
502.38
502.43
502.58
502.63
502.66
502.7
502.74
502.8
502.84
504.07
504.22
504.25
504.28
504.3
504.33
504.38
504.44
504.47
504.52
504.56
504.6
504.64
504.75
504.81
504.87
504.93
504.97
505
505.22
505.29
505.48
505.51
505.54
505.56
505.72
506.06
506.21
506.4
506.92
507.14
507.19
507.23
507.28
507.32
507.39
507.45
507.7
507.78
507.87
507.92
507.99
508.04
508.1
508.14
508.23
508.29
508.45
508.61
508.87
508.91
508.94
509.2
509.24
509.29
509.91
510.46
510.5
510.63
510.79
510.85
510.88
510.92
510.98
511.02
511.08
511.11
511.14
511.18
511.21
511.25
511.29
511.32
511.44
511.49
511.58
511.64
511.7
511.77
511.84
512.05
512.06
512.08
512.1
512.16
512.18
512.25
512.35
512.39
512.48
512.54
512.63
512.69
512.8
512.98
513.01
513.07
513.1
513.12
513.15
513.17
513.2
513.22
513.24
513.27
513.33
513.35
513.38
513.4
513.42
513.45
513.47
513.49
513.52
513.57
513.6
513.63
513.65
513.69
513.71
513.76
513.78
513.8
513.86
513.88
513.9
513.91
513.93
513.97
513.99
514.02
514.05
514.11
514.13
514.21
514.23
514.26
514.28
514.32
514.35
514.39
515.34
515.39
515.79
515.8
515.85
515.88
515.91
515.94
515.97
515.99
516.04
516.07
516.09
516.13
516.19
516.21
516.23
516.25
516.31
516.33
516.36
516.37
516.39
516.41
516.42
516.44
516.46
516.48
516.5
516.52
516.54
516.56
516.58
516.6
516.61
516.66
516.68
516.7
516.73
516.75
516.76
516.78
516.82
516.85
516.88
516.91
516.93
516.94
516.96
516.98
517
517.01
517.03
517.05
517.1
517.12
517.14
517.18
517.2
517.21
517.25
517.27
517.29
517.31
517.32
517.38
517.4
517.42
517.44
517.47
517.5
517.53
517.55
517.58
517.6
517.62
517.64
517.68
517.7
517.72
517.74
517.76
517.77
517.79
517.82
517.83
517.84
517.85
517.86
517.87
517.88
517.89
517.9
517.92
517.96
517.98
518
518.02
518.07
518.11
518.14
518.17
518.21
518.27
518.31
518.34
518.35
518.37
518.38
518.41
518.45
518.48
518.52
518.58
518.74
518.88
519.12
519.38
519.98
520.06
520.1
520.12
520.48
520.53
520.65
520.88
520.97
521.03
521.07
521.14
521.2
521.27
521.4
521.46
521.52
521.65
521.69
521.79
521.81
521.86
521.91
522.07
522.13
522.19
522.35
522.61
522.66
522.68
522.72
522.77
522.81
522.86
522.9
522.92
522.95
522.99
523.08
523.12
523.25
523.29
523.38
523.46
523.51
523.54
523.57
523.6
523.64
523.67
523.74
523.76
523.79
523.83
523.86
523.89
523.9
523.92
523.95
523.98
524
524.04
524.16
524.18
524.2
524.26
524.29
524.32
524.34
524.37
524.42
524.44
524.46
524.48
524.52
524.55
524.57
524.59
524.62
524.65
524.67
524.69
524.74
524.76
524.78
524.8
524.82
524.84
524.86
524.88
524.91
524.93
524.95
524.98
525
525.03
525.06
525.08
525.11
525.17
526.38
526.79
526.84
526.86
526.89
526.92
526.95
526.97
527
527.06
527.09
527.12
527.14
527.17
527.19
527.21
527.24
527.27
527.3
527.34
527.36
527.38
527.4
527.41
527.43
527.45
527.48
527.5
527.52
527.54
527.56
527.62
527.64
527.67
527.7
527.72
527.8
527.84
527.89
529.66
529.74
529.76
529.8
529.84
529.92
530.04
530.09
530.2
530.27
530.42
530.46
530.49
530.53
530.62
530.65
530.7
530.73
530.78
530.82
530.86
530.9
530.95
530.97
531.01
531.09
531.14
531.19
531.32
531.38
531.53
531.57
531.66
531.72
531.73
531.75
531.76
531.82
531.85
531.9
531.99
532.05
532.18
532.23
532.43
532.66
532.68
532.68
532.7
532.71
532.73
532.74
532.75
532.77
532.78
532.81
532.84
532.89
532.91
532.96
533.02
533.04
533.1
533.14
533.24
533.27
533.29
533.31
533.33
533.35
533.37
533.39
533.4
533.44
533.47
533.49
533.5
533.52
533.56
533.59
533.62
533.64
533.66
533.69
533.71
533.74
533.77
533.84
533.89
533.93
534.27
534.36
534.46
534.95
534.99
535.04
535.1
535.56
535.92
535.99
536.04
536.1
536.34
536.38
536.45
536.67
536.76
536.82
536.89
536.95
537.04
537.07
537.1
537.14
537.18
537.25
537.31
537.37
537.41
537.45
537.51
537.54
537.57
537.84
537.91
537.95
538.02
538.07
538.19
538.2
538.22
538.26
538.43
538.53
538.58
538.62
538.73
538.77
538.8
538.87
538.9
538.94
539.21
539.36
539.54
539.55
539.57
539.59
539.61
539.63
539.67
539.68
539.7
539.73
539.76
539.8
539.82
539.84
539.87
539.93
539.95
539.97
540.01
540.04
540.07
540.12
540.15
540.17
540.2
540.22
540.23
540.25
540.27
540.29
540.31
540.33
540.41
540.44
540.46
540.48
540.51
540.54
540.56
540.58
540.64
541.53
541.9
542.12
542.15
542.61
542.68
542.74
543
543.12
543.18
543.26
543.32
543.38
543.42
543.46
543.5
543.52
543.54
543.58
543.75
543.78
543.82
543.85
543.94
543.96
544.01
544.07
544.14
544.21
544.25
544.27
544.31
544.39
544.44
544.65
544.72
544.78
544.85
544.9
545.21
545.23
545.25
545.27
545.29
545.34
545.44
545.52
545.59
545.74
545.78
545.82
545.87
546.48
546.52
546.61
546.65
546.8
546.85
546.88
546.92
546.97
547.01
547.05
547.08
547.14
547.27
547.31
547.34
547.38
547.42
547.49
547.59
547.66
547.72
547.78
547.88
548.02
548.06
548.11
548.18
548.22
548.26
548.37
548.41
548.57
548.59
548.62
548.64
548.67
548.7
548.77
548.92
548.98
549.09
549.14
549.19
549.25
549.31
549.34
549.57
549.61
550.47
550.67
550.8
550.85
550.88
551.01
551.09
551.19
551.29
551.36
551.42
551.46
551.49
551.54
551.58
551.64
551.67
551.71
551.77
551.81
551.85
551.93
551.97
552.61
552.63
552.72
553.13
553.26
553.39
553.64
553.71
553.76
553.78
553.84
553.86
553.88
553.91
553.93
553.95
553.98
554
554.05
554.07
554.09
554.12
554.14
554.16
554.22
554.25
554.28
554.33
554.37
554.4
554.43
554.46
554.48
554.5
554.52
554.56
554.59
554.61
554.67
554.7
554.72
554.75
554.8
554.83
554.85
554.87
554.9
554.93
554.97
556.47
556.5
556.51
556.53
556.55
556.58
556.6
556.63
556.65
556.7
556.79
556.82
556.85
556.88
556.92
556.96
556.98
557
557.03
557.07
557.15
557.2
557.22
557.25
557.27
557.29
557.32
557.36
557.42
557.5
557.53
557.56
557.61
557.63
557.66
557.7
557.73
557.77
557.8
557.83
557.85
557.88
557.91
557.94
557.99
558.03
558.05
558.08
558.14
558.26
558.31
559.31
559.56
559.69
559.72
559.73
559.74
559.76
559.78
559.8
559.82
559.85
559.9
559.93
559.96
560
560.02
560.1
560.15
560.17
560.2
560.23
560.25
560.29
560.32
560.34
560.37
560.39
560.41
560.48
560.51
560.54
560.57
560.59
560.62
560.65
560.68
560.74
560.79
560.84
560.88
560.91
560.94
561
561.02
561.07
561.12
561.16
561.19
561.21
561.24
561.27
561.3
561.33
561.36
561.39
561.44
561.48
561.48
561.57
563.29
563.59
563.87
563.9
563.93
563.96
564.04
564.12
564.21
564.26
564.33
564.38
564.46
564.5
564.62
564.65
564.7
564.73
564.78
564.81
564.86
564.9
564.94
564.97
565.01
565.07
565.27
565.45
565.5
565.52
565.56
565.6
565.84
565.9
566.53
566.63
566.67
566.72
566.76
566.82
566.85
566.87
566.91
566.93
566.95
566.97
567.01
567.09
567.12
567.15
567.17
567.21
567.26
567.28
567.33
567.38
567.41
567.44
567.55
568.72
568.74
569.04
569.29
569.34
569.37
569.48
569.63
569.7
569.77
569.8
569.83
569.87
569.97
570.19
570.91
571.27
571.29
571.32
571.33
571.35
571.37
571.42
571.44
571.5
571.52
571.55
571.57
571.6
571.62
571.65
571.68
571.71
571.74
571.77
571.8
571.82
571.85
571.87
571.9
571.93
571.96
571.97
571.99
572
572.02
572.08
572.1
572.11
572.13
572.16
572.19
572.23
572.25
572.29
572.33
572.36
572.38
572.42
572.46
572.5
572.59
573.23
573.29
573.33
573.83
574
574.01
574.03
574.04
574.06
574.07
574.1
574.12
574.15
574.18
574.22
574.25
574.27
574.29
574.35
574.41
574.45
574.48
574.52
574.54
574.57
574.61
574.64
574.66
574.68
574.73
574.75
574.77
574.81
574.85
574.86
574.94
574.96
574.99
575.02
575.06
575.08
575.13
575.22
575.37
575.49
575.61
575.65
575.71
577.49
577.53
577.58
577.62
577.7
577.81
577.85
577.89
577.93
577.99
578.03
578.06
578.09
578.12
578.16
578.22
578.25
578.49
578.76
578.92
578.96
579.09
579.13
579.16
579.18
579.23
579.27
579.51
579.56
579.63
579.69
579.76
579.81
580.01
580.21
580.26
580.28
580.3
580.34
580.36
580.38
580.42
580.45
580.47
580.5
580.52
580.56
580.58
580.6
580.62
580.64
580.68
580.69
580.71
580.74
580.77
580.79
580.83
580.85
580.92
580.95
580.97
581.01
581.04
581.06
581.08
581.11
581.12
581.16
581.18
581.21
581.25
581.27
581.3
581.33
581.37
581.39
581.42
581.43
581.46
581.48
581.5
581.53
581.55
581.58
581.68
581.71
581.74
581.76
581.78
581.8
581.83
581.85
581.87
581.91
581.97
582
582.03
582.05
582.09
582.14
582.17
582.25
582.31
582.39
583.06
583.11
583.29
584.61
584.69
584.71
584.79
584.83
584.86
585.01
585.04
585.07
585.18
585.23
585.27
585.36
585.4
585.44
585.51
585.54
585.58
585.71
585.82
585.97
586.07
586.1
586.18
586.23
586.26
586.43
586.46
586.5
586.53
586.57
586.63
586.95
587
587.11
587.15
587.19
587.22
587.33
587.37
587.4
587.43
587.46
587.5
587.81
588.15
588.18
588.26
588.36
588.38
588.4
588.46
588.47
588.49
588.51
588.53
588.56
588.58
588.61
588.63
588.65
588.67
588.72
588.75
588.79
588.82
588.85
588.86
588.92
588.95
589
589.03
589.06
589.09
589.14
589.16
589.19
589.2
589.22
589.24
589.28
589.29
589.32
589.34
589.36
589.38
589.42
589.47
589.49
589.52
589.55
589.57
589.59
589.62
589.63
589.67
589.7
589.72
589.77
589.79
589.81
589.84
589.88
589.9
589.93
589.97
590
590.03
590.05
590.08
590.09
590.12
590.14
590.16
590.18
590.19
590.21
590.22
590.24
590.26
590.29
590.32
590.39
590.41
590.43
590.48
590.51
590.54
590.57
590.6
590.65
590.67
590.69
590.74
590.77
590.79
590.81
590.85
590.87
590.89
590.92
590.95
590.99
591.02
591.82
593.14
593.18
593.25
593.37
593.4
593.6
593.64
593.7
593.74
593.84
593.9
593.93
593.97
594.04
594.08
594.11
594.16
594.2
594.26
594.32
594.39
594.45
594.49
594.55
594.85
594.91
594.93
595.1
595.26
595.29
595.32
595.35
595.51
595.55
595.59
595.68
595.91
595.95
596.43
596.51
596.56
596.6
596.64
596.69
596.76
596.79
596.84
597.03
597.08
598.6
598.69
598.77
599.05
599.1
599.11
599.27
599.62
599.64
599.66
599.68
599.7
599.75
599.95
600.04
600.12
600.17
600.28
600.33
600.43
600.47
600.51
600.53
600.56
600.59
600.62
600.64
600.78
600.85
600.91
600.97
601.03
601.07
602.33
602.7
602.79
602.83
603.24
603.35
603.65
603.68
604.13
604.15
604.16
604.18
604.19
604.21
604.23
604.35
604.43
604.49
604.59
604.76
604.83
605.08
605.1
605.11
605.13
605.17
605.22
605.24
605.31
605.35
605.38
605.41
605.45
605.48
605.54
605.55
605.59
605.61
605.63
605.66
605.7
605.72
605.75
605.81
605.88
605.91
605.96
605.98
606.01
606.02
606.05
606.06
606.09
606.11
606.13
606.16
606.22
606.24
606.27
606.31
606.33
606.36
606.39
606.42
606.44
606.52
606.59
607.72
607.75
607.78
607.81
607.88
608
608.17
608.26
608.56
608.57
608.59
608.6
608.65
608.67
608.69
608.71
608.74
608.81
608.86
608.88
608.91
608.94
608.97
609.08
609.12
609.18
609.2
609.21
609.26
609.28
609.34
609.38
609.41
609.43
609.45
609.46
609.49
609.51
609.53
609.57
609.59
609.62
609.64
609.67
609.69
609.72
609.74
609.76
609.79
609.81
609.83
609.85
609.87
609.9
609.93
609.95
609.97
610.02
610.04
610.06
610.11
610.17
610.21
610.32
611.4
611.63
611.65
611.68
611.7
611.73
611.75
611.77
611.8
611.84
611.87
611.9
611.93
611.99
612.02
612.04
612.07
612.1
612.14
612.16
612.19
612.22
612.25
612.28
612.31
612.35
612.38
612.41
612.42
612.44
612.47
612.49
612.51
612.52
612.54
612.57
612.6
612.62
612.68
612.7
612.72
612.74
612.76
612.79
612.81
612.84
612.86
612.9
612.92
612.95
612.97
612.99
613.02
613.05
613.08
613.11
613.2
613.25
615.08
615.17
615.32
615.64
615.67
615.7
615.89
615.92
615.98
616.01
616.1
616.19
616.23
616.28
616.31
616.37
616.41
616.44
616.49
616.53
616.57
616.67
616.74
616.85
616.95
617.02
617.07
617.15
617.18
617.25
617.28
617.32
617.35
617.4
617.66
617.84
617.87
617.9
617.93
618.03
618.08
618.25
618.31
618.55
618.67
618.93
618.96
618.98
619.01
619.16
619.19
619.24
619.28
619.31
619.35
619.38
619.4
619.43
619.48
619.56
619.61
619.66
619.91
619.94
619.95
619.96
619.98
620.01
620.05
620.07
620.09
620.13
620.15
620.18
620.21
620.23
620.26
620.33
620.36
620.44
620.47
620.5
620.52
620.54
620.58
620.6
620.61
620.63
620.65
620.67
620.7
620.72
620.76
620.78
620.8
620.82
620.84
620.86
620.89
620.92
620.94
620.97
620.99
621.02
621.07
621.1
621.12
621.16
621.24
621.28
621.37
621.5
622.69
623.16
623.24
623.29
623.34
623.43
623.47
623.5
623.6
623.64
623.68
623.76
623.8
623.84
623.88
623.94
623.97
624.01
624.06
624.1
624.12
624.2
624.25
624.29
624.33
624.37
624.41
624.46
624.59
624.64
624.67
624.7
624.73
624.78
624.84
624.9
624.94
625.01
625.04
625.08
625.11
625.14
625.25
625.28
625.33
625.71
625.75
625.77
625.8
626
626.07
626.11
626.21
626.24
626.27
626.31
626.35
626.38
626.46
626.48
626.52
626.54
626.59
626.61
626.67
626.71
626.74
626.77
626.91
627.03
627.05
627.05
627.07
627.07
627.09
627.12
627.16
627.18
627.2
627.24
627.27
627.29
627.32
627.36
627.38
627.4
627.43
627.45
627.47
627.51
627.55
627.59
627.61
627.63
627.65
627.67
627.7
627.72
627.75
627.77
627.79
627.81
627.83
627.85
627.87
627.89
627.91
627.92
627.94
627.96
628.01
628.02
628.05
628.08
628.1
628.13
628.15
628.17
628.2
628.22
628.24
628.27
628.29
628.31
628.33
628.36
628.38
628.4
628.43
628.5
628.52
628.54
628.57
628.6
628.63
628.68
628.7
628.71
628.79
628.81
628.83
628.86
628.88
628.91
628.96
629
629.03
629.16
629.2
629.24
629.42
629.78
629.82
630.6
630.98
631.03
631.06
631.14
631.25
631.62
631.65
631.68
631.71
631.75
631.8
631.84
631.89
631.98
632.06
632.11
632.15
632.2
632.26
632.3
632.42
632.56
632.68
632.75
633.28
633.31
633.45
633.55
634.2
634.22
634.23
634.25
634.27
634.28
634.29
634.35
634.37
634.39
634.42
634.44
634.46
634.49
634.51
634.53
634.55
634.58
634.6
634.63
634.65
634.68
634.73
634.75
634.78
634.8
634.81
634.84
634.86
634.87
634.89
634.9
634.92
634.93
634.95
634.96
634.98
634.99
635.01
635.03
635.04
635.07
635.09
635.11
635.13
635.16
635.18
635.21
635.28
635.31
635.36
635.38
635.4
635.43
635.45
635.47
635.49
635.51
635.53
635.56
635.59
635.61
635.63
635.64
635.66
635.7
635.72
635.74
635.76
635.78
635.8
635.82
635.89
635.9
635.93
635.96
635.98
636.02
636.04
636.07
636.1
636.19
636.25
636.35
636.39
636.69
637.63
637.69
637.71
637.74
637.76
637.79
637.82
637.84
637.9
637.93
637.96
637.98
638.03
638.05
638.1
638.13
638.15
638.17
638.2
638.25
638.28
638.3
638.33
638.34
638.37
638.41
638.46
638.49
638.52
638.54
638.56
638.58
638.6
638.63
638.65
638.67
638.69
638.72
638.74
638.76
638.78
638.8
638.83
638.85
638.87
638.88
638.9
638.92
638.94
639.02
639.07
639.12
639.15
639.45
640.98
641.01
641.03
641.04
641.06
641.08
641.1
641.12
641.14
641.17
641.19
641.2
641.22
641.26
641.28
641.3
641.33
641.37
641.4
641.43
641.53
641.56
641.65
641.7
641.74
641.99
642.03
642.11
642.3
642.34
642.4
642.5
642.54
642.76
642.79
642.81
642.83
642.91
643.46
643.6
644.12
644.33
644.36
644.46
644.56
644.67
644.7
645.06
645.15
645.15
645.41
645.65
645.71
645.76
645.83
645.9
645.99
646.03
646.13
646.17
646.21
646.26
646.35
646.4
646.45
646.48
646.57
646.63
646.68
646.72
646.75
646.78
646.81
646.85
647.06
647.74
647.76
647.77
647.79
647.81
647.82
647.87
647.89
647.91
647.95
647.97
648
648.02
648.04
648.06
648.09
648.12
648.17
648.19
648.22
648.25
648.27
648.31
648.33
648.35
648.37
648.4
648.42
648.44
648.46
648.5
648.52
648.55
648.57
648.59
648.62
648.64
648.66
648.69
648.71
648.74
648.77
648.79
648.81
648.83
648.86
648.93
649.01
649.11
649.22
649.5
649.66
651.01
651.09
651.83
652.01
652.1
652.34
652.43
652.77
652.81
652.99
653.02
653.23
653.27
653.37
653.46
653.5
653.55
653.6
653.66
653.71
653.74
653.77
653.93
653.95
653.97
653.99
654.01
654.03
654.05
654.07
654.11
654.14
654.17
654.2
654.23
654.25
654.27
654.3
654.32
654.34
654.37
654.39
654.46
654.48
654.52
654.58
654.61
654.64
654.66
654.69
654.72
654.74
654.76
654.78
654.81
654.83
654.86
654.88
654.91
654.94
654.96
654.99
655.02
655.04
655.07
655.11
655.15
655.19
655.23
655.26
655.29
655.35
655.41
655.44
655.48
655.5
655.52
655.55
655.63
655.65
655.67
655.7
655.72
655.76
655.79
655.84
655.87
655.9
655.92
655.95
656
656.04
656.06
656.08
656.13
656.16
656.18
656.25
656.26
656.29
656.33
656.36
656.4
656.44
656.49
657.85
657.98
658.3
658.38
658.45
658.51
658.54
658.64
658.81
658.98
659.02
659.07
659.13
659.16
659.2
659.3
659.34
659.38
659.41
659.44
659.69
660.04
660.09
660.12
660.35
660.4
660.42
661.16
661.32
661.37
661.42
661.45
661.48
661.51
661.56
661.58
661.61
661.62
661.64
661.67
661.7
661.72
661.74
661.76
661.82
661.85
661.88
661.91
661.94
661.98
662
662.03
662.05
662.07
662.1
662.13
662.16
662.17
662.2
662.22
662.24
662.26
662.27
662.3
662.32
662.37
662.39
662.41
662.46
662.48
662.5
662.53
662.55
662.56
662.59
662.61
662.63
662.65
662.68
662.73
662.76
662.78
662.81
662.84
662.86
662.99
663.15
663.77
663.83
664.91
664.99
665.09
665.15
665.19
665.22
665.26
665.3
665.32
665.35
665.39
665.4
665.48
665.54
665.57
665.61
665.69
665.74
665.85
665.88
665.91
665.96
666
666.07
666.12
666.18
666.28
666.4
666.52
666.92
666.96
666.99
667.04
667.11
667.31
667.33
667.38
667.39
667.44
667.55
667.76
667.81
668.05
668.18
668.23
668.26
668.29
668.35
668.38
668.42
668.49
668.56
668.58
669.31
669.35
669.5
670.09
670.2
670.33
670.35
670.38
670.44
670.49
670.84
670.88
671.04
671.07
671.12
671.2
671.29
671.42
671.44
671.48
671.52
671.56
671.61
671.67
671.72
673.09
673.11
673.12
673.15
673.17
673.21
673.23
673.3
673.34
673.37
673.41
673.45
673.49
673.51
673.54
673.58
673.64
673.66
673.68
673.71
673.74
673.76
673.78
673.79
673.81
673.83
673.87
673.92
673.94
673.96
673.99
674.01
674.03
674.04
674.06
674.08
674.09
674.11
674.14
674.17
674.2
674.24
674.28
674.32
674.36
674.4
675.03
675.38
675.41
675.55
675.6
676.8
676.88
676.93
676.98
677.04
677.07
677.1
677.15
677.17
677.21
677.24
677.27
677.29
677.33
677.36
677.4
677.43
677.47
677.5
677.52
677.58
677.64
677.7
677.78
677.84
677.96
678.02
678.17
678.21
678.3
678.36
678.62
678.67
678.72
678.74
678.76
678.79
678.83
678.87
679.03
679.08
679.12
679.18
679.22
679.32
679.37
679.42
679.47
679.56
679.66
679.71
679.76
679.83
679.87
679.96
680.13
680.15
680.17
680.2
680.23
680.26
680.29
680.33
680.37
680.41
680.44
680.49
680.53
680.58
680.71
680.81
680.87
680.96
681.15
681.18
681.19
681.21
681.22
681.23
681.25
681.27
681.29
681.31
681.37
681.44
681.5
681.56
681.59
681.62
681.64
681.71
681.73
681.75
681.77
681.82
681.86
681.9
681.92
681.93
681.95
681.97
681.99
682.01
682.03
682.04
682.06
682.08
682.1
682.13
682.15
682.17
682.19
682.22
682.24
682.26
682.31
682.34
682.36
682.39
682.42
682.45
682.47
682.51
682.55
682.65
682.74
682.87
682.93
682.99
683.05
683.18
683.7
685.26
685.33
685.39
685.45
685.55
685.58
685.62
685.68
685.71
685.79
685.82
685.86
685.94
685.98
686.1
686.13
686.22
686.26
686.31
686.34
686.49
686.52
686.56
686.61
686.65
686.68
686.77
686.93
687.07
687.21
687.25
687.32
687.37
687.67
687.7
688.17
688.66
688.74
688.89
688.93
688.97
689.05
689.18
689.21
689.26
689.29
689.37
689.41
689.45
689.5
689.6
689.63
689.7
689.79
689.85
689.89
689.94
689.99
690.02
690.05
690.22
690.3
690.36
690.4
690.44
690.48
690.48
690.6
690.64
690.66
690.76
690.82
690.85
690.94
690.98
691.05
691.08
691.12
691.16
691.19
691.34
691.39
691.56
691.61
691.68
691.9
691.92
691.97
691.99
692.01
692.02
692.07
692.1
692.12
692.14
692.16
692.18
692.21
692.23
692.27
692.29
692.32
692.33
692.35
692.37
692.43
692.47
692.55
692.58
692.61
692.69
692.72
692.75
692.77
692.81
692.83
692.88
692.9
692.94
692.96
692.98
693
693.02
693.05
693.08
693.14
693.16
693.18
693.23
693.26
693.31
693.34
693.37
693.39
693.42
693.46
693.49
693.51
693.53
693.67
693.85
693.94
694.09
694.15
695.34
695.37
695.39
695.4
695.46
695.5
695.53
695.56
695.58
695.61
695.65
695.67
695.7
695.73
695.76
695.79
695.81
695.83
695.86
695.89
695.92
695.94
695.97
696
696.02
696.07
696.1
696.12
696.14
696.16
696.18
696.21
696.23
696.26
696.29
696.32
696.35
696.37
696.39
696.42
696.45
696.49
696.53
696.61
696.67
698.34
698.45
698.47
698.53
698.57
698.6
698.64
698.67
698.7
698.79
698.82
698.85
698.88
698.92
698.95
698.98
699.01
699.04
699.07
699.13
699.18
699.21
699.26
699.29
699.32
699.38
699.46
699.49
699.55
699.59
699.63
699.65
699.66
699.69
699.82
699.87
700.02
700.2
700.24
700.27
700.36
700.41
700.51
700.55
700.63
700.87
700.91
700.94
700.96
700.99
701.03
701.43
701.91
701.93
701.95
701.97
701.99
702.01
702.03
702.08
702.11
702.14
702.18
702.2
702.25
702.27
702.3
702.34
702.36
702.4
702.42
702.45
702.47
702.49
702.51
702.53
702.55
702.58
702.64
702.66
702.69
702.71
702.73
702.76
702.78
702.81
702.84
702.9
702.92
702.96
702.98
703.01
703.04
703.12
703.2
703.39
705.32
705.39
705.46
705.5
705.54
705.6
705.64
705.76
705.97
706.01
706.04
706.08
706.3
706.58
706.82
706.95
707
707.03
707.12
707.35
707.38
707.41
707.46
707.53
707.71
707.76
707.8
707.89
708.43
708.46
708.47
708.5
708.58
708.62
708.65
708.67
708.69
708.71
708.73
708.81
708.84
708.87
708.93
708.94
708.95
708.96
708.98
708.99
709.01
709.02
709.05
709.06
709.07
709.08
709.12
709.14
709.18
709.21
709.22
709.26
709.29
709.3
709.32
709.33
709.35
709.37
709.39
709.42
709.44
709.45
709.47
709.49
709.52
709.54
709.56
709.58
709.62
709.64
709.66
709.69
709.74
709.76
709.79
709.86
709.9
709.93
709.97
710
710.02
710.09
710.12
710.15
710.18
710.22
710.28
710.72
710.84
711.87
712.18
712.39
712.74
712.78
712.82
712.85
712.94
712.98
713.02
713.05
713.09
713.18
713.3
713.34
713.41
713.44
713.49
713.54
713.6
713.74
713.79
713.85
713.94
713.99
714.05
714.11
714.14
714.3
714.34
714.37
714.41
714.56
714.63
714.66
714.69
714.73
714.78
714.8
714.89
714.94
715.04
715.09
715.16
715.22
715.29
715.37
715.68
715.76
715.81
715.82
715.84
715.88
715.92
715.96
715.99
716
716.04
716.08
716.11
716.16
716.18
716.22
716.27
716.31
716.33
716.37
716.4
716.42
716.44
716.46
716.49
716.52
716.53
716.55
716.58
716.6
716.62
716.63
716.65
716.69
716.71
716.76
716.78
716.81
716.83
716.85
716.87
716.9
716.92
716.95
716.97
716.99
717.01
717.03
717.08
717.11
717.14
717.14
717.17
717.21
717.23
717.25
717.28
717.31
717.34
717.39
717.43
717.54
717.59
717.71
718.84
719.02
719.03
719.05
719.08
719.1
719.12
719.16
719.2
719.23
719.25
719.28
719.31
719.33
719.35
719.38
719.4
719.45
719.48
719.51
719.54
719.56
719.59
719.61
719.64
719.65
719.67
719.7
719.72
719.76
719.77
719.86
719.88
719.91
719.94
719.97
719.99
720.01
720.04
720.07
720.11
720.14
720.17
720.19
720.22
720.24
720.27
720.3
720.32
720.35
720.38
720.41
720.46
720.51
721.15
721.96
721.97
722
722.02
722.04
722.08
722.11
722.17
722.21
722.23
722.29
722.39
722.43
722.48
722.5
722.53
722.56
722.58
722.63
722.66
722.68
722.71
722.73
722.75
722.78
722.82
722.84
722.87
722.9
722.92
722.94
722.97
723.01
723.09
723.12
723.15
723.19
723.22
723.24
723.27
723.3
723.34
723.36
723.39
723.41
723.46
723.5
723.52
723.56
723.58
723.61
723.65
723.68
723.74
723.78
723.81
723.84
723.87
723.9
723.95
723.99
724.03
724.08
724.11
724.14
724.21
725.92
726
726.07
726.11
726.21
726.44
726.49
726.52
726.61
726.72
726.77
726.86
726.92
726.99
727.06
727.25
727.35
727.4
727.44
727.5
727.57
727.71
727.76
727.82
727.89
727.96
728.72
729.31
729.4
729.49
729.56
729.61
729.65
729.68
729.71
729.89
730.04
730.1
730.14
730.19
730.36
730.48
730.55
730.62
730.66
730.7
730.76
730.81
730.85
730.96
731.4
731.51
731.89
732
732.12
732.17
732.35
732.99
733.09
733.54
733.7
733.93
733.99
734.27
734.31
734.43
734.49
734.58
734.63
734.7
734.75
734.82
734.88
734.93
735.02
735.05
735.24
735.27
735.33
735.41
735.65
735.71
735.8
735.86
735.93
736.01
736.05
736.33
736.52
736.54
736.55
736.56
736.58
736.6
736.64
736.66
736.7
736.72
736.78
736.81
736.83
736.86
736.88
736.9
736.92
736.95
736.97
737
737.02
737.06
737.08
737.11
737.13
737.16
737.19
737.21
737.23
737.26
737.27
737.29
737.31
737.33
737.35
737.37
737.39
737.41
737.44
737.46
737.49
737.51
737.56
737.59
737.65
737.69
737.72
737.79
737.85
738.31
738.34
738.36
738.89
739.32
739.34
739.35
739.37
739.38
739.42
739.43
739.48
739.51
739.56
739.63
739.65
739.72
739.74
739.77
739.79
739.82
739.85
739.88
739.9
739.93
739.95
739.97
739.99
740.01
740.03
740.05
740.08
740.1
740.15
740.17
740.19
740.22
740.25
740.27
740.3
740.33
740.36
740.38
740.4
740.43
740.46
740.48
740.5
740.52
740.55
740.57
740.62
740.64
740.66
740.69
740.71
740.73
740.75
740.77
740.79
740.82
740.84
740.87
740.9
740.97
741
741.08
741.12
741.23
741.29
741.34
741.41
741.48
741.61
741.67
742.71
742.73
742.79
742.83
742.86
742.9
742.92
742.94
742.97
742.98
743
743.04
743.07
743.09
743.11
743.15
743.17
743.2
743.23
743.26
743.29
743.31
743.33
743.38
743.4
743.42
743.48
743.5
743.52
743.58
743.61
743.65
743.68
743.7
743.72
743.75
743.82
744.32
744.41
745.93
746.04
746.17
746.23
746.3
746.39
746.47
746.56
746.6
746.64
746.68
746.71
746.76
746.8
746.86
746.9
746.96
747.03
747.14
747.23
747.62
747.66
747.89
747.93
747.98
748.12
748.17
749.38
749.45
749.63
749.82
749.86
749.9
749.97
750.02
750.37
750.47
750.53
750.59
750.65
750.69
750.75
750.8
750.84
750.94
752.13
752.22
752.5
752.6
752.76
752.83
752.86
753.42
753.53
753.55
753.57
753.59
753.6
753.62
753.63
753.65
753.69
753.74
753.76
753.81
753.83
753.86
753.89
753.92
753.94
753.96
753.98
754
754.03
754.05
754.07
754.1
754.13
754.15
754.17
754.19
754.23
754.29
754.31
754.33
754.35
754.37
754.39
754.41
754.43
754.45
754.51
754.54
754.56
754.58
754.62
754.67
754.7
754.74
754.79
754.86
755.14
755.45
755.63
756.64
756.75
756.82
756.85
756.91
757.19
757.24
757.46
757.51
757.65
757.7
757.74
757.78
757.86
757.93
758.06
758.1
758.13
758.16
758.22
758.7
758.8
759.09
759.11
759.12
759.14
759.15
759.17
759.18
759.2
759.23
759.28
759.33
759.35
759.38
759.39
759.42
759.45
759.46
759.49
759.52
759.54
759.56
759.59
759.62
759.65
759.67
759.7
759.72
759.74
759.76
759.79
759.82
759.84
759.85
759.88
759.9
759.93
759.98
760.03
760.06
760.08
760.12
760.14
760.16
760.2
760.23
760.25
760.27
760.3
760.37
760.4
760.42
760.45
760.47
760.5
760.52
760.55
760.57
760.6
760.62
760.65
760.67
760.69
760.71
760.77
760.79
760.8
760.82
760.85
760.87
760.91
760.93
760.97
761
761.04
761.08
761.16
761.21
761.29
761.56
762.41
762.55
762.78
763.19
763.23
763.25
763.28
763.32
763.35
763.4
763.44
763.46
763.5
763.56
763.59
763.64
763.68
763.72
763.8
763.85
763.89
763.99
764.08
764.13
764.2
764.27
764.32
764.54
764.57
764.68
764.8
765.11
765.12
765.16
765.44
766.01
766.1
766.12
766.15
766.17
766.18
766.21
766.23
766.29
766.33
766.39
766.42
766.47
766.49
766.51
766.53
766.56
766.58
766.62
766.64
766.68
766.71
766.75
766.77
766.8
766.83
766.87
766.9
766.96
766.99
767.05
767.08
767.1
767.13
767.15
767.19
767.21
767.23
767.26
767.32
767.35
767.43
767.46
767.49
767.52
767.56
767.59
767.62
767.64
767.67
767.88
767.98
768.16
768.24
769.08
769.11
769.6
769.65
769.74
770.09
770.12
770.17
770.2
770.23
770.27
770.3
770.44
770.48
770.51
770.57
770.62
770.68
770.78
770.83
770.86
770.88
770.93
770.99
771.1
771.17
771.23
771.35
771.46
771.52
771.57
771.63
771.68
771.74
771.83
771.87
772.84
773.59
773.76
773.85
773.94
773.98
774.02
774.05
774.18
774.41
774.51
774.54
774.57
774.71
774.76
774.86
774.9
774.94
775
775.05
775.11
775.33
775.45
775.48
775.58
775.68
776.38
776.53
776.54
776.56
776.6
776.62
776.64
776.66
776.7
776.73
776.76
776.78
776.81
776.83
776.86
776.88
776.91
776.95
776.97
777.01
777.04
777.06
777.11
777.13
777.16
777.18
777.19
777.21
777.24
777.26
777.28
777.3
777.32
777.34
777.37
777.39
777.44
777.47
777.49
777.51
777.53
777.56
777.58
777.61
777.63
777.67
777.71
777.76
777.78
777.82
777.88
777.91
777.94
777.96
778
778.03
778.09
778.12
778.15
778.17
778.19
778.23
778.26
778.28
778.31
778.33
778.37
778.39
778.41
778.44
778.46
778.49
778.51
778.54
778.7
779.12
780.04
780.42
780.45
780.48
780.5
780.54
780.56
780.59
780.62
780.69
780.73
780.77
780.8
780.85
780.89
780.97
781.03
781.14
781.23
781.31
781.36
781.68
781.72
781.77
781.8
781.84
781.89
781.98
782.01
782.05
782.08
782.13
782.17
782.21
782.35
782.55
782.67
782.72
782.82
782.88
783
783.05
783.38
783.41
783.43
783.45
783.47
783.5
783.56
783.72
783.94
784.01
784.24
784.28
784.38
784.42
784.44
784.45
784.49
784.51
784.54
784.55
784.57
784.59
784.61
784.64
784.66
784.69
784.73
784.8
784.84
784.86
784.94
784.97
784.99
785.01
785.03
785.06
785.08
785.1
785.11
785.14
785.16
785.18
785.19
785.22
785.23
785.27
785.3
785.34
785.36
785.38
785.4
785.42
785.45
785.48
785.5
785.52
785.55
785.57
785.63
785.7
785.76
785.87
786.14
786.17
786.29
786.41
786.53
786.6
787.51
787.53
787.57
787.58
787.63
787.65
787.69
787.72
787.75
787.78
787.8
787.83
787.92
787.95
787.98
788.03
788.06
788.09
788.11
788.13
788.15
788.18
788.2
788.23
788.26
788.28
788.31
788.37
788.39
788.45
788.49
788.51
788.57
788.59
788.62
788.65
788.67
788.69
788.74
788.76
788.78
788.8
788.82
788.84
788.86
788.89
788.91
788.94
788.96
789
789.06
789.12
789.18
789.3
789.44
789.53
789.59
789.67
789.72
790.86
790.89
790.91
790.93
790.98
791.03
791.06
791.08
791.15
791.2
791.23
791.25
791.28
791.31
791.33
791.35
791.38
791.42
791.44
791.46
791.47
791.5
791.52
791.54
791.57
791.62
791.65
791.67
791.69
791.71
791.73
791.76
791.79
791.81
791.84
791.86
791.89
791.92
791.96
791.99
792.03
792.06
792.11
792.26
792.58
792.64
794.33
794.38
794.43
794.57
794.63
794.68
794.72
794.76
794.8
794.85
794.92
794.96
795
795.11
795.27
795.3
795.34
795.5
795.56
795.7
795.75
795.81
796
796.05
796.07
796.21
796.27
796.31
796.43
796.48
796.62
796.68
796.75
796.81
796.87
796.92
796.95
796.99
797.04
797.27
797.3
797.37
798.1
798.51
798.88
798.91
798.95
799.01
799.06
799.11
799.14
799.18
799.21
799.25
799.3
799.35
799.69
799.74
799.9
800.02
800.05
800.08
800.12
800.21
800.25
800.32
800.34
800.37
800.55
800.59
800.62
800.66
800.73
800.9
800.94
801.12
801.17
801.23
801.29
801.32
801.36
801.38
801.41
801.44
801.49
801.52
801.54
801.56
801.59
801.64
801.67
801.72
801.74
801.76
801.78
801.83
801.86
801.89
801.93
801.95
801.97
802.01
802.04
802.07
802.1
802.13
802.15
802.18
802.21
802.23
802.27
802.28
802.3
802.32
802.34
802.37
802.39
802.41
802.44
802.5
802.52
802.55
802.57
802.61
802.63
802.67
802.7
802.7
802.73
802.75
802.77
803.43
804.24
804.25
804.28
804.3
804.33
804.35
804.41
804.47
804.5
804.53
804.56
804.62
804.66
804.71
804.73
804.78
804.81
804.85
804.87
804.9
804.93
804.94
804.97
805
805.02
805.04
805.06
805.08
805.1
805.12
805.14
805.17
805.2
805.22
805.25
805.28
805.31
805.34
805.36
805.42
805.5
805.53
805.58
805.6
805.63
805.67
805.8
806.28
806.41
806.59
807.4
807.87
807.92
807.98
808.11
808.21
808.25
808.35
808.44
808.46
808.51
808.54
808.57
808.62
808.66
808.73
808.84
808.87
808.91
809.02
809.06
809.15
809.21
809.4
809.48
809.51
809.55
809.58
809.64
809.68
809.71
809.74
809.77
809.86
809.95
810.17
810.2
810.22
810.25
810.27
810.3
810.38
810.54
810.7
810.73
810.75
810.77
810.81
810.83
810.86
810.9
810.94
810.98
811.02
811.11
811.22
811.25
811.29
811.34
811.42
811.46
811.69
811.72
812.31
812.34
812.36
812.4
812.45
812.62
812.8
812.84
812.87
813.26
813.31
813.36
813.46
813.5
813.53
813.68
813.74
813.78
813.79
813.84
813.87
814.04
814.06
814.1
814.15
814.4
814.49
814.54
814.8
814.85
815.45
815.59
815.67
815.94
815.99
816.12
816.23
816.26
816.31
816.36
816.41
816.47
816.58
816.6
816.66
816.78
816.83
816.86
817.21
817.3
817.76
817.9
817.97
818.04
818.09
818.14
818.18
818.21
818.4
818.68
818.83
818.85
818.89
818.91
818.93
818.96
819.03
819.06
819.1
819.14
819.17
819.26
819.29
819.31
819.34
819.36
819.38
819.4
819.46
819.48
819.5
819.53
819.55
819.57
819.59
819.62
819.64
819.66
819.69
819.72
819.74
819.77
819.79
819.81
819.84
819.88
819.92
819.95
820.01
820.05
820.25
820.3
820.35
820.49
820.56
820.61
821.47
822.42
822.46
822.49
822.52
822.54
822.6
822.66
822.74
822.77
822.83
822.85
822.9
822.95
823.04
823.09
823.13
823.15
823.2
823.24
823.29
823.35
823.4
823.43
823.47
823.51
823.55
823.61
823.87
823.91
823.96
824.02
824.32
824.69
824.82
824.9
824.93
825.03
825.08
825.12
825.15
825.24
825.33
825.37
825.41
825.46
825.5
825.56
825.59
825.64
825.67
825.75
825.81
825.84
825.87
825.91
825.93
825.97
826.05
826.1
826.14
826.19
826.23
826.3
826.38
826.43
826.45
826.48
826.5
826.55
826.67
826.7
826.73
826.79
826.85
826.93
826.95
826.99
827.04
827.17
827.21
827.33
827.37
827.42
827.45
827.54
827.57
827.59
827.62
827.72
827.8
827.86
828.04
828.19
828.2
828.23
828.24
828.27
828.32
828.35
828.37
828.4
828.45
828.48
828.5
828.54
828.56
828.58
828.62
828.64
828.68
828.73
828.76
828.78
828.81
828.84
828.86
828.89
828.92
828.95
829
829.06
829.09
829.12
829.2
829.24
829.26
829.32
829.35
829.37
829.39
829.42
829.44
829.47
829.49
829.52
829.55
829.59
829.71
829.79
829.83
829.85
829.87
829.9
829.92
829.96
829.96
829.99
830.05
830.11
830.16
831.15
831.16
831.18
831.2
831.23
831.24
831.27
831.32
831.36
831.39
831.41
831.44
831.46
831.48
831.56
831.59
831.61
831.64
831.67
831.69
831.72
831.74
831.76
831.79
831.84
831.88
831.9
831.93
831.95
831.97
831.99
832.01
832.04
832.06
832.09
832.11
832.14
832.16
832.18
832.23
832.27
832.31
832.33
832.37
832.39
832.41
832.43
832.46
832.49
832.51
832.53
832.55
832.58
832.61
832.64
832.78
832.82
832.87
832.9
832.94
833.26
833.43
833.55
834.12
834.55
834.57
834.59
834.62
834.63
834.66
834.68
834.72
834.76
834.79
834.82
834.85
834.87
834.93
834.96
834.98
835.01
835.03
835.05
835.08
835.11
835.13
835.15
835.17
835.2
835.22
835.24
835.26
835.29
835.31
835.33
835.35
835.44
835.46
835.49
835.53
835.63
835.67
835.69
835.71
835.74
835.76
835.78
835.83
835.85
835.88
835.91
835.93
835.96
836.01
836.07
836.11
836.3
836.6
836.65
837.69
838.08
838.11
838.14
838.16
838.19
838.21
838.23
838.27
838.31
838.36
838.39
838.43
838.48
838.52
838.56
838.65
838.76
838.82
838.9
838.99
839.19
839.27
839.31
839.32
839.33
839.4
839.43
839.65
839.73
839.84
839.93
840
840.06
840.09
840.15
840.65
840.72
840.84
841.18
841.43
841.81
841.84
841.89
841.92
841.94
841.98
842.01
842.08
842.11
842.31
842.34
842.42
842.45
842.49
842.52
842.55
842.59
842.8
842.86
842.89
842.96
842.99
843.03
843.07
843.13
843.17
843.4
843.44
843.5
843.55
843.61
843.66
843.71
843.74
843.76
843.78
844.05
844.1
844.14
844.31
844.43
844.47
844.49
844.52
844.65
844.68
845.91
846.04
846.14
846.95
846.98
847.03
847.06
847.3
847.33
847.5
847.54
847.58
847.64
847.68
847.75
847.8
848.01
848.1
848.43
848.52
848.54
848.56
848.58
848.61
848.63
848.64
848.66
848.68
848.71
848.74
848.78
848.81
848.83
848.91
848.93
848.96
848.98
849.04
849.07
849.1
849.12
849.15
849.18
849.2
849.22
849.24
849.26
849.3
849.39
849.41
849.43
849.45
849.47
849.5
849.51
849.53
849.55
849.57
849.59
849.61
849.63
849.65
849.67
849.69
849.72
849.74
849.76
849.82
849.86
849.89
849.94
850.31
850.6
851.25
851.45
851.5
851.51
851.53
851.55
851.58
851.62
851.68
851.71
851.77
851.8
851.82
851.87
851.9
851.92
851.95
851.98
852
852.02
852.04
852.09
852.11
852.13
852.15
852.17
852.2
852.25
852.28
852.33
852.35
852.38
852.41
852.43
852.46
852.5
852.53
852.56
852.58
852.61
852.67
852.69
852.74
852.79
852.81
852.83
852.86
852.9
852.94
852.96
852.99
853.73
854.63
855.04
855.06
855.09
855.12
855.14
855.16
855.22
855.28
855.36
855.38
855.4
855.42
855.45
855.48
855.51
855.54
855.57
855.6
855.63
855.66
855.68
855.7
855.72
855.74
855.76
855.81
855.83
855.86
855.92
855.94
855.98
856.02
856.05
856.07
856.1
856.13
856.16
856.19
856.24
856.3
856.34
856.43
856.48
856.52
856.55
856.6
856.66
856.77
858.24
858.49
858.87
858.93
859.05
859.13
859.16
859.23
859.34
859.39
859.44
859.47
859.52
859.54
859.57
859.6
859.63
859.68
859.78
859.83
859.84
859.92
859.95
860
860.44
860.47
860.49
860.52
860.54
860.57
860.59
860.63
860.66
860.69
860.72
860.75
860.77
860.79
860.82
860.84
860.87
860.89
860.9
860.92
860.94
860.97
860.99
861.02
861.04
861.07
861.09
861.11
861.14
861.16
861.19
861.23
861.25
861.27
861.28
861.3
861.32
861.34
861.35
861.37
861.39
861.41
861.44
861.46
861.5
861.53
861.55
861.57
861.59
861.66
861.69
861.71
861.74
861.77
861.79
861.81
861.83
861.85
861.87
861.92
861.94
861.97
861.99
862.01
862.03
862.06
862.08
862.1
862.12
862.17
862.2
862.24
862.35
862.39
862.65
862.69
862.74
862.91
863.01
863.18
864.6
864.65
864.71
864.75
864.79
864.84
864.88
864.92
865
865.05
865.08
865.13
865.32
865.35
865.73
865.77
865.79
866.09
866.12
866.15
866.26
866.29
866.32
867.05
867.41
867.45
867.52
867.56
867.83
867.98
868.03
868.07
868.11
868.15
868.19
868.29
868.32
868.37
868.46
868.51
868.58
868.62
868.72
868.84
868.89
868.94
868.98
869.25
869.29
869.35
869.52
869.56
869.6
869.63
869.68
869.7
869.81
869.99
870.13
870.17
870.21
870.26
870.98
871.16
871.28
871.63
871.66
871.75
871.86
871.88
871.91
871.95
871.98
872.02
872.12
872.15
872.18
872.21
872.25
872.31
872.39
872.47
872.52
872.56
872.58
872.68
872.89
873.03
873.07
873.17
873.3
873.35
873.48
873.55
873.61
873.67
873.68
873.74
873.82
873.95
874
874.06
874.44
874.46
874.54
874.62
874.64
874.66
874.69
874.75
874.79
874.83
875.41
875.43
875.44
875.45
875.46
875.49
875.52
875.57
875.61
875.66
875.69
875.72
875.77
875.79
875.82
875.86
875.88
875.92
875.94
875.98
876.06
876.08
876.12
876.15
876.17
876.19
876.21
876.24
876.26
876.27
876.3
876.32
876.34
876.37
876.4
876.42
876.45
876.47
876.49
876.53
876.55
876.59
876.63
876.66
876.7
876.74
877.06
877.22
877.28
877.34
878.18
878.19
878.21
878.23
878.26
878.28
878.3
878.33
878.36
878.38
878.42
878.45
878.49
878.56
878.6
878.64
878.67
878.73
878.76
878.79
878.82
878.84
878.86
878.89
878.92
878.95
878.96
879
879.02
879.04
879.08
879.12
879.15
879.18
879.19
879.21
879.24
879.25
879.28
879.29
879.33
879.35
879.38
879.41
879.46
879.49
879.51
879.53
879.55
879.58
879.61
879.63
879.66
879.69
879.73
879.76
879.78
879.81
879.82
879.85
879.88
879.92
879.98
880.03
880.38
880.7
881.91
881.93
881.95
881.96
881.98
882.01
882.07
882.11
882.14
882.19
882.21
882.24
882.31
882.34
882.37
882.39
882.41
882.44
882.46
882.49
882.51
882.53
882.58
882.6
882.62
882.64
882.66
882.69
882.71
882.73
882.75
882.76
882.79
882.82
882.84
882.87
882.92
882.94
882.97
882.99
883.01
883.04
883.07
883.14
883.23
883.66
883.83
884.87
884.89
884.91
884.93
884.95
884.98
885.03
885.07
885.13
885.16
885.19
885.22
885.24
885.25
885.27
885.3
885.33
885.36
885.42
885.45
885.48
885.54
885.56
885.59
885.63
885.66
885.68
885.72
885.74
885.77
885.8
885.84
885.89
885.92
885.99
886.03
886.06
886.6
888.21
888.25
888.29
888.33
888.36
888.62
888.83
889
889.06
889.12
889.29
889.32
889.47
889.57
889.67
889.81
889.84
890.1
890.15
890.19
890.36
890.45
890.76
891.04
891.23
891.3
891.67
891.71
891.73
891.76
891.94
891.98
892.02
892.07
892.13
892.19
892.24
892.27
892.37
892.4
892.51
892.61
892.66
892.86
892.89
892.96
893.37
893.88
894.28
894.32
894.39
894.47
894.5
894.54
894.57
894.65
894.69
894.76
894.81
894.86
894.89
894.94
894.97
895.01
895.08
895.13
895.22
895.33
895.44
895.56
895.61
895.71
895.81
895.87
896
896.04
896.08
896.1
896.12
896.17
896.19
896.36
896.41
896.47
896.58
896.94
896.97
897.09
897.1
897.13
897.14
897.16
897.17
897.19
897.23
897.27
897.31
897.35
897.38
897.41
897.44
897.46
897.49
897.51
897.57
897.59
897.61
897.63
897.67
897.7
897.73
897.76
897.79
897.81
897.84
897.87
897.89
897.92
897.93
897.96
897.99
898.01
898.03
898.06
898.08
898.09
898.12
898.15
898.17
898.2
898.23
898.25
898.27
898.33
898.35
898.38
898.41
898.47
898.51
898.69
899.83
